50       5.087534807795894e-11      3.902664046908351e-11      -0.24999999999875994     -58.650989918286136       -1.0
50       0.8499440224957285      0.4685442078881381      0.16806725771189887     -54.551121084905844       -0.95
50       3.535544391063479e-08      7.3543225044456295e-09      -0.24999999931940647     -53.045499273632565       -0.8999999999999999
50       0.6318221611106862      0.309365102631815      0.17265286319952228     -49.259660121693365       -0.8499999999999999
50       1.6861477049106293e-06      1.7368667092881186e-06      -0.24999993135484613     -47.50807292232477       -0.7999999999999998
50       3.4674671013184563e-06      6.048532368939247e-06      -0.24999949247510622     -44.79111700220463       -0.7499999999999998
50       0.008408953954262914      0.008888961026227228      -0.24969374217266702     -42.155655571170826       -0.6999999999999997
50       2.555886449155078      2.5557355881514128      -0.0002862344138702446     -40.82795867260853       -0.6499999999999997
50       2.436536673474057      2.436517584610313      -0.00018970808082492127     -41.13062851258211       -0.5999999999999996
50       2.3824424167261404      2.382649916908525      -0.00015389122077297024     -41.515500969351116       -0.5499999999999996
50       2.3483024172982865      2.3489279490362915      -0.00013343863211190692     -41.96063754160958       -0.49999999999999956
50       2.3211965060784925      2.322685468096343      -0.00011785881111625215     -42.45523839090857       -0.4499999999999995
50       2.291832161696648      2.2950621391323764      -0.00010377388368412183     -42.992713065971444       -0.39999999999999947
50       2.249706280692445      2.2561365650960665      -8.910207899940424e-05     -43.568633480475334       -0.3499999999999994
50       2.185120766060301      2.1965476230209533      -7.335253713661355e-05     -44.179835970248064       -0.2999999999999994
50       2.0965713166281383      2.1143361978268076      -5.821301678535479e-05     -44.823885796733194       -0.24999999999999933
50       1.9950457409903148      2.0193343695660695      -4.5942013261122135e-05     -45.498720537856116       -0.1999999999999993
50       1.8959373831122242      1.925951211150052      -3.729229875571977e-05     -46.2024742568874       -0.14999999999999925
50       1.8088133534500426      1.8434482181122953      -3.126598447920538e-05     -46.93345315529501       -0.0999999999999992
50       1.7359285369901531      1.7742364107094244      -2.6327858627162982e-05     -47.69015214993016       -0.049999999999999156
50       1.6756720651967376      1.7169801580290371      -2.1340082011259087e-05     -48.47124688666176       8.881784197001252e-16
50       1.6254962159855215      1.669359197834252      -1.5480228558697807e-05     -49.275569322914365       0.05000000000000093
50       1.5831332897205475      1.6292526635374882      -8.325028708244099e-06     -50.102080186529456       0.10000000000000098
50       1.5468589495510228      1.5950202001961282      3.261152953446626e-07     -50.94984662557683       0.15000000000000102
50       1.5154349061424022      1.5654677508975157      1.0597836582317322e-05     -51.81802568131802       0.20000000000000107
50       1.4879900243093782      1.539745434871549      2.2632906384753462e-05     -52.70585260729676       0.2500000000000011
50       1.4639006545043134      1.5172391133222016      3.639902850189085e-05     -53.61263222424315       0.30000000000000115
50       1.442705026705126      1.497492180104787      5.21079484371689e-05     -54.537732238655614       0.3500000000000012
50       1.42405463189733      1.4801589773102066      6.98468886116741e-05     -55.48057793990086       0.40000000000000124
50       1.4076753676967575      1.4649686089060752      8.977590487938189e-05     -56.44064773378889       0.4500000000000013
50       1.393345438613682      1.4517028201655242      0.00011234037103543423     -57.41746894364039       0.5000000000000013
50       1.3808807558771465      1.440181779874484      0.00013786090533026956     -58.41061432034116       0.5500000000000014
50       1.3701271872644794      1.4302559409643938      0.0001669127620507191     -59.41969862167784       0.6000000000000014
50       1.3609538805701717      1.4217992666189263      0.00020023212768739845     -60.44437558741801       0.6500000000000015
50       1.353246366047963      1.414701924786781      0.000238658745479386     -61.484335127796435       0.7000000000000015
50       1.3469116359389472      1.4088752534764586      0.00028314225556778694     -62.53930073633785       0.7500000000000016
50       1.3418625302501772      1.40423634700191      0.0003349797320327169     -63.60902715642083       0.8000000000000016
50       1.3380287900146381      1.4007180976878306      0.00039544235522956183     -64.69329830501361       0.8500000000000016
50       1.3353480633967707      1.3982610535711957      0.00046628390963819057     -65.79192539430372       0.9000000000000017
50       1.3337684883611574      1.3968150305526879      0.0005495532006006217     -66.90474531685678       0.9500000000000017
50       1.333249825468866      1.3963409291107356      0.0006471184484110909     -68.03161917362677       1.0000000000000018
50       1.3337581899418145      1.3968046588550787      0.0007616285701005982     -69.17243105488059       1.0500000000000016
50       1.3352663307326444      1.3981781196189136      0.0008958706612104342     -70.32708705233634       1.1000000000000019
50       1.3377521619860353      1.4004372165896022      0.0010522580007215636     -71.49551437893822       1.1500000000000021
50       1.341201432623995      1.4035645815064124      0.0012330967757402931     -72.6776607333246       1.200000000000002
50       1.3456015265352574      1.4075433642286606      0.0014399576501130072     -73.87349389409998       1.2500000000000018
50       1.3509442985741822      1.4123598482914002      0.0016729358432560075     -75.08300143271522       1.300000000000002
50       1.3572212909659418      1.417999113995068      0.0019291862515909137     -76.30619073552162       1.3500000000000023
50       1.364418803787605      1.4244399368828444      0.0022009395508593545     -77.54308910987467       1.4000000000000021
50       1.3725102153899371      1.4316473436568535      0.0024733099886509353     -78.7937443036766       1.450000000000002
50       1.381451677128265      1.4395689336387396      0.002719775071577055     -80.05822524580861       1.5000000000000022
50       1.3911607097407368      1.4481133258813055      0.0028964206525744856     -81.33662330025999       1.5500000000000025
50       1.4014927516686952      1.4571286444434068      0.0029329005658758536     -82.62905381394002       1.6000000000000023
50       1.412197104130672      1.4663584769717148      0.002720246985911178     -83.93565866943108       1.6500000000000021
50       1.422844237635346      1.475370580912271      0.0020919803424944267     -85.25660966610448       1.7000000000000024
50       1.4327248258445748      1.4834539180302475      0.0007977716522806406     -86.59211394049862       1.7500000000000027
50       1.4407079779077796      1.4894715990268605      -0.001537288620025338     -87.94242248594479       1.8000000000000025
50       1.4450875021592808      1.4916872531297336      -0.005462623019911087     -89.30784430788287       1.8500000000000023
50       1.443518935061021      1.4876635506498568      -0.011744976640921953     -90.6887684672686       1.9000000000000026
50       1.4332198577612179      1.4744172529170203      -0.02130736482687475     -92.08569031300206       1.9500000000000028
