50       2.3402447529786308      2.3400446714487324      -0.0025252535495005955     -24.749999999999577       -1.0
50       1.519243425330142      1.519161568015091      -0.00027081825104124555     -24.837169186383292       -0.95
50       1.409952302807954      1.409870968571834      -0.00019904136928952646     -24.988504483796984       -0.8999999999999999
50       1.3467941592483523      1.3467163075087272      -0.0001679363814526631     -25.180474988572527       -0.8499999999999999
50       1.3023706271672617      1.3023095658126287      -0.0001496516703228038     -25.404811528188098       -0.7999999999999998
50       1.26812606383372      1.2681129735211707      -0.00013721516914751278     -25.65680442782558       -0.7499999999999998
50       1.2402582191569065      1.2403465391212256      -0.000127882057337153     -25.933320707669576       -0.6999999999999997
50       1.2167406819719744      1.2170070670552673      -0.00012028425757220635     -26.232092569654416       -0.6499999999999997
50       1.1963638145568372      1.1969067227454138      -0.0001136283881502242     -26.55138776150295       -0.5999999999999996
50       1.1783470328149694      1.179284013109603      -0.00010740247005100303     -26.889832754460016       -0.5499999999999996
50       1.1621571860595135      1.1636216210609636      -0.0001012481970001497     -27.246308199421563       -0.49999999999999956
50       1.1474140774604995      1.1495518374892546      -9.489718491503535e-05     -27.619882639652964       -0.4499999999999995
50       1.133837276547018      1.1368035340662097      -8.813626348179865e-05     -28.009768197969535       -0.39999999999999947
50       1.1212142693296536      1.1251705897809237      -8.078642496980114e-05     -28.41528970010628       -0.3499999999999994
50       1.1093804175751316      1.1144921640316006      -7.268903050269084e-05     -28.835862430660764       -0.2999999999999994
50       1.0982058313182186      1.104639875419679      -6.36961598503104e-05     -29.270975663573978       -0.24999999999999933
50       1.0875864846786156      1.0955091918055042      -5.366320400534545e-05     -29.720180187188287       -0.1999999999999993
50       1.0774380456907755      1.0870134897404824      -4.2442135649015517e-05     -30.18307867242035       -0.14999999999999925
50       1.067691507327486      1.0790798646127437      -2.9876099565274506e-05     -30.65931811481679       -0.0999999999999992
50       1.0582900556456059      1.0716461253351544      -1.579309992081481e-05     -31.14858382235611       -0.049999999999999156
50       1.0491868158411748      1.0646586143301593      2.3161807971915466e-10     -31.65059457770896       8.881784197001252e-16
50       1.0403432419998169      1.0580706197364047      1.7725982564607975e-05     -32.165098708585205       0.05000000000000093
50       1.031727994173759      1.0518412253212353      3.7644663580462254e-05     -32.691870871708105       0.10000000000000098
50       1.0233161973307208      1.0459344950179879      6.006502251752793e-05     -33.23070940634163       0.15000000000000102
50       1.0150890099251364      1.0403189226858363      8.535854846823545e-05     -33.78143414935582       0.20000000000000107
50       1.0070334529225382      1.0349671011634185      0.00011397708968566895     -34.34388463013151       0.2500000000000011
50       0.9991424670147355      1.0298555819989104      0.0001464755559932209     -34.91791858321081       0.30000000000000115
50       0.9914151781651996      1.0249649098857796      0.0001835420221488111     -35.503410731533236       0.3500000000000012
50       0.9838573630455842      1.0202798273054816      0.00022603779207942964     -36.100251804733176       0.40000000000000124
50       0.9764821161264685      1.015789654836552      0.0002750499814952885     -36.70834776636646       0.4500000000000013
50       0.9693107322155624      1.0114888638034862      0.00033196305263736957     -37.327619231741956       0.5000000000000013
50       0.9623738325645863      1.0073778708742314      0.0003985564426441686     -37.9580010649144       0.5500000000000014
50       0.9557127811888886      1.0034641005109646      0.00047713610409131567     -38.599442149720666       0.6000000000000014
50       0.9493814638010635      0.9997633837357127      0.0005707195960244544     -39.251905336043784       0.6500000000000015
50       0.943448535718323      0.996301791564171      0.0006832903031817708     -39.91536756907787       0.7000000000000015
50       0.938000291740239      0.9931180433433779      0.0008201548165103132     -40.589820216840266       0.7500000000000016
50       0.9331443716909877      0.9902666862918109      0.000988445970901438     -41.27526961989937       0.8000000000000016
50       0.9290145893447825      0.9878223142281515      0.0011978352565430199     -41.97173789808188       0.8500000000000016
50       0.9257772514758523      0.9858851766923759      0.0014615420813432342     -42.67926406229009       0.9000000000000017
50       0.9236393827068726      0.9845885992487531      0.0017977682001476378     -43.397905496288445       0.9500000000000017
50       0.9228591978122701      0.984108618887151      0.0022317241823972805     -44.12773989329497       1.0000000000000018
50       0.9237587305213325      0.9846759409684911      0.0027984649211196108     -44.868867753461465       1.0500000000000016
50       0.9267371849834254      0.986589276617473      0.0035467739999947437     -45.62141556301813       1.1000000000000019
50       0.9322801297788956      0.9902262809675759      0.004544266798497095     -46.38553976119762       1.1500000000000021
50       0.9409517995021882      0.9960416249498456      0.005883548352918914     -47.1614314980605       1.200000000000002
50       0.9533420595769166      1.004528019004714      0.007688310677185874     -47.949321856008964       1.2500000000000018
50       0.9699144503270171      1.0160934962126165      0.01011600270287366     -48.74948636057354       1.300000000000002
50       0.9906808390538075      1.030788355728992      0.013349616747905095     -49.56224576646814       1.3500000000000023
50       1.0146720576125856      1.0478507951058413      0.017566443607198966     -50.38795692303789       1.4000000000000021
50       1.039402096618613      1.065238362689994      0.02287412529618922     -51.226984185414864       1.450000000000002
50       1.0609320385833525      1.079673318626588      0.02922897462713821     -52.07964367459487       1.5000000000000022
50       1.075159140475578      1.087752094799421      0.03639565836218963     -52.94612784445941       1.5500000000000025
50       1.0798205343992908      1.0876720378062028      0.04401010616985121     -53.82644233735513       1.6000000000000023
50       1.0754703542235409      1.0800511645162534      0.05171720472834138     -54.720392286506815       1.6500000000000021
50       1.0646070296322372      1.0671380279463483      0.059274600702937115     -55.62762269914518       1.7000000000000024
50       1.0500840976361774      1.0514244602112774      0.06656519858146294     -56.547681419099916       1.7500000000000027
50       1.0341109331645486      1.0347982344890303      0.0735541980128617     -57.48007205275478       1.8000000000000025
50       1.0180483346820322      1.0183922822666296      0.0802439204120032     -58.42428583927006       1.8500000000000023
50       1.0025964650560386      1.0027654843967173      0.08664738413310726     -59.379817053086384       1.9000000000000026
50       0.9880501847829998      0.988132062016825      0.09277737060317509     -60.34616960538864       1.9500000000000028
