50       1.0491868158411748      1.0646586143301593      2.3161807971915466e-10     -31.65059457770896       -1.0
50       1.029734796997286      1.0504373943140057      2.9834718608519342e-05     -30.67974137872603       -0.95
50       1.0075944347574195      1.0356580706774143      6.483670971736088e-05     -29.753233235565194       -0.8999999999999999
50       0.9819831237294391      1.0205727435501868      0.00010402711621177917     -28.875718806695662       -0.8499999999999999
50       0.9513162756997436      1.0054005939455213      0.00014374045560252847     -28.052441127042105       -0.7999999999999998
50       0.9116057792678093      0.9898715667687639      0.0001745735600431689     -27.28957041409061       -0.7499999999999998
50       0.8505999213532223      0.9712978314666383      0.0001762076651745231     -26.59505718304115       -0.6999999999999997
50       0.7243191907363429      0.9355513977873718      0.00011719216821034318     -25.98110779050076       -0.6499999999999997
50       0.4221103095074878      0.8350286007376985      1.974191434313947e-05     -25.472656423388866       -0.5999999999999996
50       0.1061469777246773      0.7257654326773942      5.3651484955026787e-08     -25.124469572359565       -0.5499999999999996
50       -0.0      0.6931471805599453      -1.745522385743848e-26     -25.000000000000007       -0.49999999999999956
50       0.06898397131865022      0.7140760254959092      -2.069343361423524e-15     -25.126766834893363       -0.4499999999999995
50       0.18736608984972952      0.7535584381899724      -1.766606973908257e-13     -25.49763744433697       -0.39999999999999947
50       0.31574900732826855      0.8021094249292741      -1.101166277208447e-11     -26.086907925984505       -0.3499999999999994
50       0.44325498177613365      0.8569759302791238      -7.317756080043857e-11     -26.862105662504277       -0.2999999999999994
50       0.5666570768032393      0.9169417438192359      -1.3504000523373862e-09     -27.790633346876845       -0.24999999999999933
50       0.6854889234027358      0.9813845953659728      -1.6650499030003453e-08     -28.842992396650367       -0.1999999999999993
50       0.8003159954193034      1.0499468566445467      -1.961706664024862e-07     -29.994010308715698       -0.14999999999999925
50       0.9117454809773579      1.1221873996944687      3.067573487089366e-07     -31.222989991301908       -0.0999999999999992
50       1.0197416578513594      1.197093502827298      3.3390558224881494e-07     -32.51333307045541       -0.049999999999999156
50       1.1232680973977054      1.2727535016729807      -3.581698187838131e-06     -33.851953354088096       8.881784197001252e-16
50       1.220210414229027      1.3465392376115      -9.664747473093342e-06     -35.22865252713761       0.05000000000000093
50       1.3080039445842104      1.4156527467460922      -1.1998388183088891e-05     -36.63554018628847       0.10000000000000098
50       1.3849031765165016      1.4779276639574437      -7.976710438428218e-06     -38.0665345078648       0.15000000000000102
50       1.450854089664607      1.5325099531369726      -3.130456242305132e-07     -39.51695368069472       0.20000000000000107
50       1.5068977423380334      1.5795086443518347      6.663648016848727e-06     -40.98318144786608       0.2500000000000011
50       1.5542053170069632      1.619304618952411      9.94594385722905e-06     -42.462401143583676       0.30000000000000115
50       1.5937780644721258      1.652326156822979      8.48676286008771e-06     -43.95239896286542       0.3500000000000012
50       1.626558053668187      1.6791191546317654      2.4048155649413754e-06     -45.451422916930795       0.40000000000000124
50       1.6535190385885692      1.7003892615915315      -7.728382935555525e-06     -46.95807831435968       0.4500000000000013
50       1.6756720651969195      1.7169801580292592      -2.1340082011359488e-05     -48.47124688666207       0.5000000000000013
50       1.6940061739417043      1.729799715849436      -3.8008122618017376e-05     -49.99002341371966       0.5500000000000014
50       1.7094293171896564      1.7397468229491917      -5.74371125427302e-05     -51.513666446744004       0.6000000000000014
50       1.7227203780494906      1.7476434762237287      -7.928436539933641e-05     -53.04156097898282       0.6500000000000015
50       1.734485370133873      1.75416836527926      -0.00010318859019709022     -54.57319051773621       0.7000000000000015
50       1.745168499565258      1.7598453950965651      -0.00012866895881314145     -56.10811669620251       0.7500000000000016
50       1.755057136306906      1.7650314691111955      -0.0001551266345050428     -57.64596455407364       0.8000000000000016
50       1.7643222884325427      1.7699475662138804      -0.00018206528498692636     -59.186411188157074       0.8500000000000016
50       1.7730483733506286      1.7747052063832023      -0.00020896809809768234     -60.72917752073639       0.9000000000000017
50       1.7812778564843332      1.779353199066374      -0.0002354226388441956     -62.274021511335135       0.9500000000000017
50       1.7890266351668302      1.783897643977693      -0.00026112651897364805     -63.82073271895387       1.0000000000000018
50       1.7963005770228275      1.788322484996045      -0.0002857794846333335     -65.36912769541853       1.0500000000000016
50       1.8031088407351037      1.7926094448399854      -0.000309375580938165     -66.91904614287871       1.1000000000000019
50       1.8094642187056862      1.7967402365384706      -0.00033171031633320424     -68.4703475296953       1.1500000000000021
50       1.8153788048819983      1.8006946498441216      -0.0003527926186224042     -70.02290827980887       1.200000000000002
50       1.820879741002915      1.8044702849906382      -0.00037263806820539164     -71.57661937650496       1.2500000000000018
50       1.825989033588595      1.8080605429605916      -0.0003912992761921026     -73.13138428461114       1.300000000000002
50       1.8307233842331037      1.8114567296745023      -0.00040877862104799677     -74.68711730507388       1.3500000000000023
50       1.835116418646553      1.8146689245341208      -0.00042521194030513404     -76.2437420903103       1.4000000000000021
50       1.8391930437797384      1.8177022545056927      -0.00044061739674720516     -77.80119034878518       1.450000000000002
