50       4.747579685413978e-10      8.015757611895438e-10      -0.2499999999638354     -68.04725511037685       -1.0
50       3.003597207891622e-09      4.991070629964852e-09      -0.2499999997620969     -64.8229173453771       -0.95
50       3.133038976460974e-06      5.636728220959797e-06      -0.24999926381237011     -61.61916833571104       -0.8999999999999999
50       8.212607223619225e-07      2.8866032609893833e-07      -0.24999998307769256     -58.445691748117106       -0.8499999999999999
50       1.4033651493867871      1.0176895939137944      -0.0979120540135572     -56.18079028933486       -0.7999999999999998
50       0.013011311816778443      0.011436729836431372      -0.24990950200724812     -52.299422731024656       -0.7499999999999998
50       2.6394247796689494      2.639100515652666      -0.0003545604012185235     -50.51574847030546       -0.6999999999999997
50       2.499429181867078      2.4996222829631307      -0.00021198545377077316     -50.887213884130155       -0.6499999999999997
50       2.4386091349804566      2.4398611381861044      -0.00016686510612518515     -51.3577142329331       -0.5999999999999996
50       2.3914796498970317      2.394680755950803      -0.00014113145337819256     -51.89989986016448       -0.5499999999999996
50       2.337081395557982      2.343178877432387      -0.00011999791437595379     -52.50089231149452       -0.49999999999999956
50       2.265796078035408      2.2753740635161557      -0.00010044795646992221     -53.152933529257844       -0.4499999999999995
50       2.179655315817901      2.192446084038031      -8.466018662846784e-05     -53.85072011437196       -0.39999999999999947
50       2.090465923368829      2.105293880852489      -7.614283324785447e-05     -54.59027840320037       -0.3499999999999994
50       2.010139497244203      2.025442565899927      -7.65418213044588e-05     -55.368444853196       -0.2999999999999994
50       1.944133611558424      1.9585243860302124      -8.55032357502345e-05     -56.182628388864735       -0.24999999999999933
50       1.8922825982930263      1.904785083240587      -0.00010165467172336863     -57.03067949539746       -0.1999999999999993
50       1.8519768868387332      1.862013234944909      -0.0001230947645743783     -57.91079386747084       -0.14999999999999925
50       1.8202080506073044      1.8274953355200365      -0.000148643143637908     -58.8214363464085       -0.0999999999999992
50       1.7944999337496421      1.7989529507277806      -0.0001775226128314485     -59.76128286981085       -0.049999999999999156
50       1.7730483733504439      1.7747052063831297      -0.0002089680980972423     -60.72917752073615       8.881784197001252e-16
50       1.7545917420441985      1.7535635009874655      -0.00024252184410773964     -61.724100124529855       0.05000000000000093
50       1.7383000345248127      1.734738081220325      -0.0002781095717044218     -62.74514288363842       0.10000000000000098
50       1.72360875890839      1.7176861223391102      -0.0003154209989145003     -63.79149233396331       0.15000000000000102
50       1.7101600350469441      1.7020566628270406      -0.0003545211877364138     -64.86241591129355       0.20000000000000107
50       1.6977251340829653      1.6876219357382216      -0.00039564659098088775     -65.95725152857689       0.2500000000000011
50       1.6861824077476402      1.6742545015478774      -0.00043896906104855097     -67.07539943904591       0.30000000000000115
50       1.6754471785040859      1.6618627732202063      -0.0004846527536433945     -68.21631544834081       0.3500000000000012
50       1.6654812860815669      1.6504004769141587      -0.0005331224512330483     -69.37950590705435       0.40000000000000124
50       1.6562672697074396      1.6398399984540526      -0.0005845208821518746     -70.56452319210624       0.4500000000000013
50       1.6478010783005574      1.63016853538824      -0.0006395250559689419     -71.7709626914177       0.5000000000000013
50       1.640083550080924      1.6213787804854911      -0.000698521553751842     -72.99845925810548       0.5500000000000014
50       1.6331254353791838      1.6134740928863902      -0.000762306774085871     -74.24668531310807       0.6000000000000014
50       1.6269385345985135      1.6064600623599319      -0.0008320319696956498     -75.51534870095813       0.6500000000000015
50       1.6215315710658236      1.600340768475032      -0.0009083084996768592     -76.80419082516325       0.7000000000000015
50       1.616920979482104      1.5951292445136764      -0.0009929890544519901     -78.11298545721691       0.7500000000000016
50       1.6131176476570122      1.5908345531281336      -0.0010874889658832097     -79.44153744652395       0.8000000000000016
50       1.6101353275899608      1.587467986050431      -0.0011943765974413805     -80.78968178852563       0.8500000000000016
50       1.607987138121514      1.585043972132486      -0.001316305431979507     -82.15728284201127       0.9000000000000017
50       1.606681267227787      1.583571382745398      -0.001457535547626505     -83.54423399174814       0.9500000000000017
50       1.6062415556782874      1.5830752643077401      -0.001623979350856231     -84.95045747257657       1.0000000000000018
50       1.6066843208362902      1.5835753488289115      -0.001823522544962159     -86.375904305668       1.0500000000000016
50       1.6080232409332484      1.5850899931027285      -0.0020672030624845597     -87.82055417364083       1.1000000000000019
50       1.6102597904144775      1.587625841812691      -0.002371132604738093     -89.28441609665909       1.1500000000000021
50       1.6133887838429037      1.5911851611838475      -0.0027574043564634397     -90.76752927134291       1.200000000000002
50       1.6173851849831378      1.5957518288251682      -0.00325731074591648     -92.26996380557645       1.2500000000000018
50       1.6221902715574659      1.6012789927973452      -0.003916292704238887     -93.79182234048388       1.300000000000002
50       1.6276690585644369      1.6076499052017599      -0.0047976576605719265     -95.33324115233533       1.3500000000000023
50       1.633580079107088      1.6146456829598885      -0.005991705868247501     -96.89439253885585       1.4000000000000021
50       1.639519554619758      1.6218932266865724      -0.007625141965497704     -98.4754875617097       1.450000000000002
50       1.6448191543069093      1.6287641353730304      -0.009876342109031306     -100.07678002432017       1.5000000000000022
50       1.6484142529741759      1.634244775983306      -0.012989154363850827     -101.69857177940139       1.5500000000000025
50       1.6486847703640917      1.6367691809482006      -0.01728731677381306     -103.34121955409768       1.6000000000000023
50       1.6432383344601666      1.6339820018592235      -0.023164683872488934     -105.00514355879363       1.6500000000000021
50       1.628872972470645      1.6226602505378003      -0.03102199735381514     -106.69082852473551       1.7000000000000024
50       1.6020436542679162      1.599121394588676      -0.041087850824529364     -108.39879751889511       1.7500000000000027
50       1.5605344712134783      1.5608552530701967      -0.053130481792828387     -110.12952246733714       1.8000000000000025
50       1.5060221654296682      1.5091556237312058      -0.06627948605405018     -111.88325201904024       1.8500000000000023
50       1.444957240278328      1.4501842586763898      -0.07929847430208313     -113.6598268014106       1.9000000000000026
50       1.38540182621144      1.3919589235377916      -0.09120260239071677     -115.45862817963317       1.9500000000000028
