50       1.422010741579232e-06      1.4803549686383803e-06      0.24999988208684717     -40.34020414742518       -1.0
50       0.08611942768692678      0.013773238931834367      0.24261085054756132     -39.35735117602424       -0.95
50       0.0044126143357962454      0.004184536102301172      0.2499897070128536     -37.37627934218844       -0.8999999999999999
50       1.8392892071503232e-06      7.966875790129516e-07      0.24999960287314585     -34.68947815150998       -0.8499999999999999
50       0.1512288348247618      0.31688835399662213      -0.22355983422054188     -33.43151981526748       -0.7999999999999998
50       0.3784226244813579      0.19061637459869885      0.21758749766611746     -31.471788121578463       -0.7499999999999998
50       0.08488228699306753      0.06480238475913785      0.24824306931166495     -29.525441981655508       -0.6999999999999997
50       1.1279364056447075e-06      4.3115839991451895e-06      -0.24999855643712215     -28.00956756698046       -0.6499999999999997
50       1.2275538562811694e-05      1.8349934722871163e-05      -0.2499860446270335     -26.015334754210354       -0.5999999999999996
50       2.593989011824654      2.5938966385251607      -0.0002494758118490397     -24.200317435197075       -0.5499999999999996
50       2.2928681361349694      2.2927828266391352      -0.00010040553932766335     -24.33282695759194       -0.49999999999999956
50       2.2109097381009133      2.2108387802260303      -6.973870187956058e-05     -24.561202693161107       -0.4499999999999995
50       2.1608532888527288      2.1610377127558373      -4.76202058566829e-05     -24.853053043181664       -0.39999999999999947
50       2.1159421289107874      2.1192700691345463      -2.8771486872858744e-05     -25.19872198857233       -0.3499999999999994
50       1.9274933023642769      1.9751074968347722      -9.530595068060191e-06     -25.598049728309626       -0.2999999999999994
50       1.2625217896042722      1.4358889813781126      -2.6628603976239404e-07     -26.060629735011766       -0.24999999999999933
50       0.9706849480100028      1.198373844948042      -1.1586494132847096e-07     -26.57080144570044       -0.1999999999999993
50       0.8465246166058309      1.1007752649756286      -1.244674543328376e-07     -27.110492504820062       -0.14999999999999925
50       0.7733092635317996      1.0452203038065326      -8.191179880247664e-08     -27.671904095438858       -0.0999999999999992
50       0.7229293851455323      1.00817203855826      -4.26384493074175e-08     -28.25045067569376       -0.049999999999999156
50       0.6854889234027419      0.9813845953659828      -1.665049903004146e-08     -28.842992396650423       8.881784197001252e-16
50       0.6564227231966907      0.9610858954034702      -1.3894812842784835e-09     -29.447248009750634       0.05000000000000093
50       0.6332301487958922      0.9452345307412605      6.838036333187415e-09     -30.061505808521048       0.10000000000000098
50       0.6143792008034311      0.9325980223903167      1.082705273309088e-08     -30.684452239022125       0.15000000000000102
50       0.5988574672640392      0.9223748057098142      1.2451107075253518e-08     -31.31506096544311       0.20000000000000107
50       0.5859591666672113      0.9140151945962847      1.2732829829267534e-08     -31.952517588608707       0.2500000000000011
50       0.5751725145786941      0.9071270594511488      1.2358193426308641e-08     -32.5961669895126       0.30000000000000115
50       0.5661150155336585      0.9014219777548443      1.165902625655686e-08     -33.24547566319382       0.3500000000000012
50       0.5584938577879522      0.8966825414276619      1.0886326269479503e-08     -33.90000427730827       0.40000000000000124
50       0.5520804363488214      0.8927415222603788      1.0168902698241567e-08     -34.559387360129534       0.4500000000000013
50       0.546693308060954      0.8894680737035164      9.576968195997463e-09     -35.223318051042135       0.5000000000000013
50       0.5421864171354622      0.8867582995656715      9.170124052079278e-09     -35.891536503305495       0.5500000000000014
50       0.5384407438738552      0.8845286362316345      8.987424791204585e-09     -36.563820959390604       0.6000000000000014
50       0.535358247067884      0.8827111036851149      9.073705909227454e-09     -37.23998080758615       0.6500000000000015
50       0.5328573868855015      0.8812498330164881      9.460931303410926e-09     -37.91985112506593       0.7000000000000015
50       0.5308697600479761      0.8800984838256616      1.0197371172999547e-08     -38.6032883486906       0.7500000000000016
50       0.5293375336657011      0.8792182947435768      1.133295927609948e-08     -39.29016681024671       0.8000000000000016
50       0.5282114634343744      0.8785765930433279      1.293280411357263e-08     -39.98037594079675       0.8500000000000016
50       0.5274493446938743      0.8781456411247657      1.5036308536984582e-08     -40.67381799764127       0.9000000000000017
50       0.5270147889480654      0.877901733977327      1.7704467578560856e-08     -41.37040620296355       0.9500000000000017
50       0.5268762488432173      0.8778244866650073      2.0977562209533687e-08     -42.07006320940607       1.0000000000000018
50       0.5270062336332239      0.8778962660983878      2.4895459272714142e-08     -42.77271982721893       1.0500000000000016
50       0.5273806732605679      0.8781017344486216      2.9438640343177272e-08     -43.478313962187386       1.1000000000000019
50       0.5279783990020293      0.8784274794110303      3.458618775142973e-08     -44.18678972459323       1.1500000000000021
50       0.5287807160746297      0.8788617123513587      4.025614991756823e-08     -44.898096677802606       1.200000000000002
50       0.5297710499235098      0.8793940203686115      4.631238336411919e-08     -45.61218920157576       1.2500000000000018
50       0.5309346518664284      0.8800151615561568      5.25452949915639e-08     -46.32902595016911       1.300000000000002
50       0.5322583523211232      0.8807168944604692      5.8598906631646886e-08     -47.04856938920621       1.3500000000000023
50       0.5337303534589319      0.8814918357466889      6.408794081456941e-08     -47.770785398338205       1.4000000000000021
50       0.5353400534964331      0.8823333402353469      6.860442390682161e-08     -48.49564292916029       1.450000000000002
50       0.5370778974175023      0.8832353994799731      7.150526228135139e-08     -49.22311370975974       1.5000000000000022
50       0.5389352496472195      0.8841925556365435      7.216301176935658e-08     -49.95317198878904       1.5500000000000025
50       0.5409042849408384      0.8851998278943918      6.992527712079449e-08     -50.685794313238446       1.6000000000000023
50       0.5429778946022843      0.886252649373321      6.41505482988159e-08     -51.420959335047755       1.6500000000000021
50       0.5451496053378821      0.8873468125157      5.424572129455997e-08     -52.15864764252752       1.7000000000000024
50       0.547413509144501      0.8884784218472408      3.973965913822286e-08     -52.898841613209896       1.7500000000000027
50       0.5497642025781487      0.8896438529998731      2.0408719425669258e-08     -53.64152528532261       1.8000000000000025
50       0.5521967335883627      0.8908397165186501      -3.656015030928183e-09     -54.38668424551746       1.8500000000000023
50       0.5547065554381595      0.892062826300136      -3.1979991088111444e-08     -55.13430553084265       1.9000000000000026
50       0.5572894862484282      0.8933101714801122      -6.359721710883024e-08     -55.88437754328294       1.9500000000000028
