50       0.12725732525971184      0.04809627671144196      0.24120627140580586     -52.65572166581901       -1.0
50       0.1645895779445885      0.14107751760092635      0.2467932572994111     -50.173632941555795       -0.95
50       1.0825327290893151e-08      4.823179878126548e-08      -0.24999999550644736     -48.78267835801931       -0.8999999999999999
50       2.608656162555983e-07      1.3918914735933913e-06      -0.24999980280549772     -46.204161159569736       -0.8499999999999999
50       4.1658484489921217e-07      2.395228121978156e-07      -0.24999999501589162     -43.641660051967115       -0.7999999999999998
50       0.0009401680314229757      0.00048777467014879004      0.23337039558315595     -40.441612598370824       -0.7499999999999998
50       7.50971550871046e-06      1.3531359758236193e-05      -0.24999801481711498     -38.610411967673926       -0.6999999999999997
50       2.8388231557231864      2.838686288560424      -0.0007784848351408945     -35.898684942547376       -0.6499999999999997
50       2.4507544726114037      2.4506637051572886      -0.0002071632293393622     -36.09225800265613       -0.5999999999999996
50       2.371788548463476      2.371766876211925      -0.0001571368442132564     -36.39237710196996       -0.5499999999999996
50       2.3282926570952895      2.3283925284788003      -0.00013259350111485276     -36.758004693831126       -0.49999999999999956
50       2.2987260382852406      2.2990669080113806      -0.00011565011976803287     -37.174564338756895       -0.4499999999999995
50       2.2739755152359264      2.274973033903451      -0.0001014134772983464     -37.63402821193796       -0.39999999999999947
50       2.2458331703943597      2.2486154678697203      -8.769624345169401e-05     -38.13129555468393       -0.3499999999999994
50       2.2009766576592216      2.2080342655345797      -7.246502901564405e-05     -38.662950032656866       -0.2999999999999994
50       2.1224999102655047      2.137671713364009      -5.484638034874333e-05     -39.22663321381733       -0.24999999999999933
50       2.005528082065535      2.032222341178032      -3.6328160025566334e-05     -39.82053072890107       -0.1999999999999993
50       1.870248998432929      1.9092693794496036      -2.010564872265485e-05     -40.442885734573366       -0.14999999999999925
50       1.74368091023608      1.7934895464898575      -7.327658747925284e-06     -41.09183576360557       -0.0999999999999992
50       1.6383363708589334      1.696734219087965      2.38151503605487e-06     -41.76555674206322       -0.049999999999999156
50       1.5542053170068417      1.6193046189522722      9.945943857219233e-06     -42.46240114358378       8.881784197001252e-16
50       1.4871127879892134      1.55751602948325      1.6173375665312588e-05     -43.1809217621816       0.05000000000000093
50       1.4328805014070123      1.5075825250198902      2.1391392169527405e-05     -43.9198451641707       0.10000000000000098
50       1.388326742545677      1.4665908837882278      2.5867093651317453e-05     -44.678041484773566       0.15000000000000102
50       1.3512019951371488      1.4324687471683124      2.971585266131385e-05     -45.45450184090786       0.20000000000000107
50       1.3199343445048353      1.4037630881410386      3.3107252181641075e-05     -46.2483223513413       0.2500000000000011
50       1.2933999924426733      1.379432279497763      3.613695826376157e-05     -47.05869239303495       0.30000000000000115
50       1.27077298278706      1.358709396296121      3.887179839526727e-05     -47.884885009127       0.3500000000000012
50       1.251432100525864      1.341017183840801      4.145327873802708e-05     -48.7262488359367       0.40000000000000124
50       1.2348948888144267      1.3259071870689751      4.3997820767757164e-05     -49.582200771089894       0.4500000000000013
50       1.220781006369461      1.3130259028439828      4.663606642832881e-05     -50.45221934882243       0.5000000000000013
50       1.2087828871135706      1.3020875333634578      4.9465430977785145e-05     -51.33583862069355       0.5500000000000014
50       1.198650435650002      1.2928597722083823      5.2695657623290475e-05     -52.23264266152336       0.6000000000000014
50       1.1901759418395588      1.2851498302038524      5.648793020584719e-05     -53.1422605482223       0.6500000000000015
50       1.1831873962706136      1.2787981498808147      6.11079740523005e-05     -54.06436187288986       0.7000000000000015
50       1.17754027553304      1.2736707436114092      6.674423720024034e-05     -54.99865274681823       0.7500000000000016
50       1.1731127035987032      1.2696545995334358      7.381573638357358e-05     -55.94487223072383       0.8000000000000016
50       1.1698016637238857      1.2666541818086567      8.276931949028455e-05     -56.902789216403036       0.8500000000000016
50       1.1675205615792863      1.264589158039331      9.428849986669991e-05     -57.87219966247325       0.9000000000000017
50       1.1661963908023885      1.2633916865444241      0.00010924579774391131     -58.85292419145407       0.9500000000000017
50       1.1657671172563726      1.2630038761092934      0.00012867219241481873     -59.84480599349528       1.0000000000000018
50       1.1661806899803329      1.2633769100885837      0.00015402961293991716     -60.84770900021993       1.0500000000000016
50       1.1673935027855957      1.2644695694812178      0.00018714406895087798     -61.86151633851494       1.1000000000000019
50       1.1693692912160079      1.2662470914073904      0.0002303817576220365     -62.8861289841849       1.1500000000000021
50       1.1720784217554265      1.2686805218129977      0.0002866930690843331     -63.921464635644085       1.200000000000002
50       1.1754961963891863      1.271745045619689      0.0003598172768472172     -64.9674567818338       1.2500000000000018
50       1.1796030982546315      1.2754201207744966      0.00045443957608495877     -66.02405394041867       1.300000000000002
50       1.1843824607430686      1.2796872008727693      0.0005760707725754476     -67.09121907836168       1.3500000000000023
50       1.1898213475720802      1.2845305448747848      0.0007311376393064299     -68.1689291621908       1.4000000000000021
50       1.1959079905511198      1.2899345433768865      0.0009268084092685137     -69.2571749189747       1.450000000000002
50       1.2026301582709504      1.2958821398363527      0.0011706576132449336     -70.35596071685016       1.5000000000000022
50       1.2099753794730799      1.3023548744471578      0.001469996863456282     -71.46530464620506       1.5500000000000025
50       1.217926759535312      1.3093286097881847      0.0018303611173218265     -72.58523884640411       1.6000000000000023
50       1.2264600973443585      1.3167706842428415      0.002253398072545437     -73.71580995375172       1.6500000000000021
50       1.2355393830266508      1.3246354907102453      0.002733704414501755     -74.85707994327045       1.7000000000000024
50       1.2451090655673756      1.3328565785574333      0.003253387092014669     -76.0091272821629       1.7500000000000027
50       1.2550842283764347      1.3413370233017814      0.0037752144169096954     -77.17204856027529       1.8000000000000025
50       1.265329799724132      1.349928944678444      0.004230912528623357     -78.34596077970865       1.8500000000000023
50       1.2756266106943788      1.3583996370375595      0.004506519578700634     -79.5310045579817       1.9000000000000026
50       1.285612266839212      1.3663715754769115      0.004418978941504419     -80.72734863599442       1.9500000000000028
