50       0.3249876667871821      0.11507282297662806      0.2161268289447122     -50.378560388876174       -1.0
50       0.005332995411191194      0.003896637602929199      0.24991265556750974     -47.994186981514645       -0.95
50       0.41792168320441864      0.7966222901874713      -0.16962209768177666     -45.620150174937194       -0.8999999999999999
50       1.0033103828169225e-08      3.2364791476714075e-08      -0.2499999952640455     -44.18242690692041       -0.8499999999999999
50       0.9865344947798312      0.5739925613144219      0.14996302983521084     -40.918930579235656       -0.7999999999999998
50       1.505896476321385e-07      1.664498361036411e-07      -0.24999999798459777     -39.27545998772537       -0.7499999999999998
50       0.0007504369057435803      0.000754056872410463      -0.249998219980189     -36.86433223659997       -0.6999999999999997
50       0.004083330392614825      0.007476879635538504      -0.24695069013458681     -34.524039374893064       -0.6499999999999997
50       2.47383087120053      2.4737368487005655      -0.00022309514075979852     -33.606412893877305       -0.5999999999999996
50       2.3688624257868898      2.3688000962285196      -0.000157980266725654     -33.860391295043115       -0.5499999999999996
50       2.3174210967678834      2.317423224241356      -0.00013056325853341388     -34.18542473658405       -0.49999999999999956
50       2.2839673037441637      2.2841053766433976      -0.00011212560936677796     -34.563313554687575       -0.4499999999999995
50       2.2578280619601334      2.2583749059344753      -9.684817840599879e-05     -34.98485835641994       -0.39999999999999947
50       2.2313232883941185      2.2332027112704713      -8.26103862187884e-05     -35.44447390706711       -0.3499999999999994
50       2.191298897922492      2.197076934309481      -6.716278499389066e-05     -35.93855386823628       -0.2999999999999994
50       2.1139489265900666      2.1287476030213823      -4.9287362128741006e-05     -36.46479375361631       -0.24999999999999933
50       1.9815879137380221      2.011287879419544      -3.06534840937301e-05     -37.02161103920741       -0.1999999999999993
50       1.817409018747598      1.864148785160684      -1.578465650010595e-05     -37.60735639711982       -0.14999999999999925
50       1.6650278505171066      1.7266053143430353      -6.651068021927249e-06     -38.21993360892485       -0.0999999999999992
50       1.543556938121604      1.6165666614079441      -2.096227403065612e-06     -38.85713033432707       -0.049999999999999156
50       1.4508540896644595      1.532509953136806      -3.130456242115537e-07     -39.5169536806948       8.881784197001252e-16
50       1.379620262935189      1.4679733010478642      -1.7361020340561478e-07     -40.19769114419471       0.05000000000000093
50       1.3236769501794832      1.4173892603692486      -1.0107246228588612e-06     -40.89786661977678       0.10000000000000098
50       1.2787545415902155      1.3768786377115305      -2.479988383311441e-06     -41.61619342362245       0.15000000000000102
50       1.2420185134842843      1.343852422295543      -4.3536956314141985e-06     -42.351541289721986       0.20000000000000107
50       1.2115630468291099      1.3165621665529827      -6.504376400535661e-06     -43.10291362756592       0.2500000000000011
50       1.1860654302603628      1.29379035544091      -8.901945161519915e-06     -43.869430333935064       0.30000000000000115
50       1.164577978547455      1.2746627338080851      -1.148538011741273e-05     -44.65031379615905       0.3500000000000012
50       1.146401517998464      1.2585335008844634      -1.424208122544468e-05     -45.44487682603117       0.40000000000000124
50       1.1310052180223105      1.2449123314429498      -1.7189878872042567e-05     -46.25251199552582       0.4500000000000013
50       1.1179756281072015      1.2334176357070377      -2.036569639734523e-05     -47.07268219833677       0.5000000000000013
50       1.1069854254797065      1.2237478064245548      -2.3813037280709716e-05     -47.90491228668882       0.5500000000000014
50       1.0977709506882902      1.2156604578933647      -2.757464170392267e-05     -48.7487817009033       0.6000000000000014
50       1.0901172052007255      1.2089584503424151      -3.172404818117325e-05     -49.60391801374824       0.6500000000000015
50       1.0838467074908318      1.203479533832747      -3.631350442474896e-05     -50.46999128778293       0.7000000000000015
50       1.0788117496964804      1.1990890583488198      -4.140638398293321e-05     -51.34670917593086       0.7500000000000016
50       1.0748887502149391      1.195674702913275      -4.707308302061271e-05     -52.23381267037915       0.8000000000000016
50       1.0719735239662758      1.193142015597528      -5.336838957859837e-05     -53.131072425069654       0.8500000000000016
50       1.0699776418571527      1.1914109812044003      -6.030936917359436e-05     -54.03828558087349       0.9000000000000017
50       1.0688262147736864      1.1904139777978      -6.791738682569795e-05     -54.95527302064202       0.9500000000000017
50       1.0684549992654058      1.1900930051581462      -7.610143482563853e-05     -55.88187701075191       1.0000000000000018
50       1.0688093335722766      1.1903987280732677      -8.472642038132463e-05     -56.81795916955216       1.0500000000000016
50       1.069842265518879      1.191288693932467      -9.352695317556869e-05     -57.76339872054236       1.1000000000000019
50       1.071513569332662      1.1927264107613216      -0.00010200711001700758     -58.718091007282844       1.1500000000000021
50       1.0737886426210104      1.1946803042383491      -0.00010940232366153106     -59.68194621765973       1.200000000000002
50       1.0766375468419491      1.1971228066294635      -0.00011464135341116028     -60.65488831068299       1.2500000000000018
50       1.080034400554703      1.2000297763912777      -0.00011606371228803585     -61.63685411689041       1.300000000000002
50       1.083956562825308      1.2033796903769414      -0.00011142745743490166     -62.6277925996211       1.3500000000000023
50       1.088384163600696      1.207153194698728      -9.766090739971724e-05     -63.6276642528538       1.4000000000000021
50       1.0932991778000398      1.2113321826028471      -7.073856232174235e-05     -64.63644064508335       1.450000000000002
50       1.098684683763876      1.2158989778511118      -2.542616243341469e-05     -65.65410409297623       1.5000000000000022
50       1.1045244802280134      1.220836002151811      4.4808449474984496e-05     -66.68064745530081       1.5500000000000025
50       1.1108022534704634      1.2261247927871364      0.00014772614726821476     -67.7160740826698       1.6000000000000023
50       1.1174997535536697      1.2317441283614252      0.000292508923828985     -68.7603978728822       1.6500000000000021
50       1.1245967560902064      1.2376698766375258      0.000489160524643645     -69.81364350615728       1.7000000000000024
50       1.1320686001330478      1.2438723899671684      0.0007474234203618868     -70.87584685446616       1.7500000000000027
50       1.1398843343989256      1.2503144171111047      0.0010755568557511436     -71.94705559610237       1.8000000000000025
50       1.1480035022505966      1.2569476930789631      0.0014771575938665525     -73.02733008908474       1.8500000000000023
50       1.1563721018532465      1.2637085877897833      0.0019471893056372388     -74.11674456813029       1.9000000000000026
50       1.1649156961848512      1.270510893639747      0.0024649935705717825     -75.21538878300116       1.9500000000000028
