50       4.719329810846484e-08      6.04331294247166e-09      -0.24999999894847125     -27.303679312711044       -1.0
50       0.0005875293538534391      0.007596125467526967      -0.24953518328409524     -25.642253063751216       -0.95
50       0.017044032147588418      0.0005916464552169024      0.2488195124582016     -25.20471543530305       -0.8999999999999999
50       0.002145694496413853      0.0020437905645679707      0.2499940153849966     -23.939382339577463       -0.8499999999999999
50       6.859007262422442e-09      2.707353059120169e-09      0.2499999947337184     -22.696332515777122       -0.7999999999999998
50       1.8864454160733262e-08      2.3242828664101164e-07      0.24999720983811421     -21.496418086842976       -0.7499999999999998
50       1.2738544985546172      1.2738775353077973      -7.362791977376454e-05     -20.819818732349155       -0.6999999999999997
50       1.1849399851324776      1.1858801976998514      -6.909491376202465e-05     -21.233972922319154       -0.6499999999999997
50       1.137964136473029      1.1407812684086764      -6.0966739849708555e-05     -21.678105754195762       -0.5999999999999996
50       1.1056763439427473      1.1111663488595034      -5.0138398627941244e-05     -22.14381005451646       -0.5499999999999996
50       1.0808655230711843      1.0896417147788822      -3.722026655023601e-05     -22.626774137578497       -0.49999999999999956
50       1.0605531759277536      1.0730781326411574      -2.2687592325741754e-05     -23.12429075628061       -0.4499999999999995
50       1.0432273137003254      1.0598464744871918      -6.90394794226194e-06     -23.63447711490137       -0.39999999999999947
50       1.028018123157204      1.048986826632839      9.855710630146472e-06     -24.15593820140732       -0.3499999999999994
50       1.0143810802705686      1.0398847669606697      2.738747339081741e-05     -24.687594586516123       -0.2999999999999994
50       1.001954431158109      1.0321232543171197      4.554549344281005e-05     -25.228584198250452       -0.24999999999999933
50       0.990487678035773      1.025406858150158      6.423278814570747e-05     -25.77820180818282       -0.1999999999999993
50       0.979802567030247      1.0195196141134493      8.339517373971995e-05     -26.335859537453683       -0.14999999999999925
50       0.9697702918139051      1.014299980056884      0.00010301624344756379     -26.90105989490377       -0.0999999999999992
50       0.9602973494759296      1.0096251223761699      0.00012311446729047705     -27.473376692349028       -0.049999999999999156
50       0.9513162757000682      1.0054005939461597      0.00014374045967528035     -28.052441127042247       8.881784197001252e-16
50       0.9427792686755685      1.0015532824350624      0.00016497523597687895     -28.637931375437102       0.05000000000000093
50       0.93465360255392      0.998026427256295      0.00018693007072533385     -29.229564645023995       0.10000000000000098
50       0.9269182007239473      0.9947759948165177      0.00020974579343683176     -29.827090991258522       0.15000000000000102
50       0.9195609971663934      0.9917679768138377      0.00023359387193592     -30.43028843023502       0.20000000000000107
50       0.9125768606829265      0.9889763361159583      0.00025867807737635904     -31.038959021148205       0.2500000000000011
50       0.9059659404816969      0.9863814200030437      0.00028523699851707834     -31.65292568715801       0.30000000000000115
50       0.8997323417044243      0.9839687205305467      0.0003135479660626807     -32.27202960719631       0.3500000000000012
50       0.89388306995197      0.981727900188965      0.00034393192358610675     -32.896128055445246       0.40000000000000124
50       0.8884272021866447      0.9796520258576137      0.00037675989813901043     -33.52509259634856       0.4500000000000013
50       0.8833752525178803      0.9777369705425342      0.0004124611400996856     -34.15880756536987       0.5000000000000013
50       0.8787387082519484      0.975980953547756      0.0004515332892193438     -34.79716878199876       0.5500000000000014
50       0.874529716019853      0.9743841974915055      0.0004945548950446476     -35.44008245355896       0.6000000000000014
50       0.8707609010572025      0.9729486862113345      0.000542201020370623     -36.08746423745229       0.6500000000000015
50       0.8674453052695974      0.9716780118066937      0.0005952620062801082     -36.739238436320214       0.7000000000000015
50       0.8645964320613843      0.9705773023742728      0.0006546670213641679     -37.3953373059267       0.7500000000000016
50       0.8622283881808961      0.9696532247637936      0.0007215122270918451     -38.05570045969142       0.8000000000000016
50       0.8603561150511512      0.9689140590101605      0.000797095906638254     -38.72027435706449       0.8500000000000016
50       0.858995704316639      0.9683698432759521      0.0008829611679972427     -39.38901186553002       0.9000000000000017
50       0.8581647943303382      0.9680325899750342      0.0009809484933808012     -40.061871888157995       0.9500000000000017
50       0.8578830459779708      0.9679165753385583      0.0010932598821173408     -40.73881905034559       1.0000000000000018
50       0.8581726970428832      0.9680387056538404      0.001222537585898553     -41.41982344085294       1.0500000000000016
50       0.8590591938271451      0.9684189635183027      0.0013719607185669798     -42.104860403469914       1.1000000000000019
50       0.860571895786268      0.969080935768006      0.0015453629423554812     -42.79391037670372       1.1500000000000021
50       0.8627448421336665      0.9700524202423808      0.0017473758351822146     -43.48695877977306       1.200000000000002
50       0.8656175560955464      0.9713660990738571      0.0019836027608537646     -44.18399594394742       1.2500000000000018
50       0.8692358392281277      0.9730602488148592      0.002260827768340142     -44.8850170887945       1.300000000000002
50       0.8736524689481525      0.9751794273981788      0.0025872643456613157     -45.59002234317159       1.3500000000000023
50       0.8789276493735663      0.9777750278719661      0.002972846783234596     -46.29901681058581       1.4000000000000021
50       0.8851289673246048      0.9809055089900935      0.00342956363376711     -47.01201067756745       1.450000000000002
50       0.8923304586879117      0.9846359910018484      0.0039718255246007994     -47.729019361501315       1.5000000000000022
50       0.9006101822457252      0.9890367285473473      0.004616848591846642     -48.45006369006296       1.5500000000000025
50       0.910045424764189      0.9941797354404445      0.005385013517925695     -49.17517009694289       1.6000000000000023
50       0.920704347101615      1.000132554867287      0.006300129979584623     -49.90437080611573       1.6500000000000021
50       0.9326326144816469      1.0069479125554326      0.007389490861608264     -50.63770395761488       1.7000000000000024
50       0.9458335447920878      1.0146479330883271      0.008683544290749835     -51.375213599401285       1.7500000000000027
50       0.9602409486835887      1.0232020727837607      0.010214949828218838     -52.11694943195583       1.8000000000000025
50       0.9756857057848796      1.0324994303447745      0.01201675094863883     -52.86296614800825       1.8500000000000023
50       0.9918607921573698      1.0423191511002818      0.014119439757668712     -53.61332217132768       1.9000000000000026
50       1.0082948912764118      1.0523072436319607      0.0165468895812763     -54.3680775910628       1.9500000000000028
