50       0.974494222534678      0.9745334600480878      0.09864454761474523     -61.32285999198704       -1.0
50       0.974494222534678      0.9745334600480878      0.09864454761474523     -61.32285999198704       -0.95
50       0.974494222534678      0.9745334600480878      0.09864454761474523     -61.32285999198704       -0.8999999999999999
50       0.974494222534678      0.9745334600480878      0.09864454761474523     -61.32285999198704       -0.8499999999999999
50       0.974494222534678      0.9745334600480878      0.09864454761474523     -61.32285999198704       -0.7999999999999998
50       0.974494222534678      0.9745334600480878      0.09864454761474523     -61.32285999198704       -0.7499999999999998
50       0.974494222534678      0.9745334600480878      0.09864454761474523     -61.32285999198704       -0.6999999999999997
50       0.974494222534678      0.9745334600480878      0.09864454761474523     -61.32285999198704       -0.6499999999999997
50       0.974494222534678      0.9745334600480878      0.09864454761474523     -61.32285999198704       -0.5999999999999996
50       0.974494222534678      0.9745334600480878      0.09864454761474523     -61.32285999198704       -0.5499999999999996
50       0.974494222534678      0.9745334600480878      0.09864454761474523     -61.32285999198704       -0.49999999999999956
50       0.974494222534678      0.9745334600480878      0.09864454761474523     -61.32285999198704       -0.4499999999999995
50       0.974494222534678      0.9745334600480878      0.09864454761474523     -61.32285999198704       -0.39999999999999947
50       0.974494222534678      0.9745334600480878      0.09864454761474523     -61.32285999198704       -0.3499999999999994
50       0.974494222534678      0.9745334600480878      0.09864454761474523     -61.32285999198704       -0.2999999999999994
50       0.974494222534678      0.9745334600480878      0.09864454761474523     -61.32285999198704       -0.24999999999999933
50       0.974494222534678      0.9745334600480878      0.09864454761474523     -61.32285999198704       -0.1999999999999993
50       0.974494222534678      0.9745334600480878      0.09864454761474523     -61.32285999198704       -0.14999999999999925
50       0.974494222534678      0.9745334600480878      0.09864454761474523     -61.32285999198704       -0.0999999999999992
50       0.974494222534678      0.9745334600480878      0.09864454761474523     -61.32285999198704       -0.049999999999999156
50       0.974494222534678      0.9745334600480878      0.09864454761474523     -61.32285999198704       8.881784197001252e-16
50       0.974494222534678      0.9745334600480878      0.09864454761474523     -61.32285999198704       0.05000000000000093
50       0.974494222534678      0.9745334600480878      0.09864454761474523     -61.32285999198704       0.10000000000000098
50       0.974494222534678      0.9745334600480878      0.09864454761474523     -61.32285999198704       0.15000000000000102
50       0.974494222534678      0.9745334600480878      0.09864454761474523     -61.32285999198704       0.20000000000000107
50       0.974494222534678      0.9745334600480878      0.09864454761474523     -61.32285999198704       0.2500000000000011
50       0.974494222534678      0.9745334600480878      0.09864454761474523     -61.32285999198704       0.30000000000000115
50       0.974494222534678      0.9745334600480878      0.09864454761474523     -61.32285999198704       0.3500000000000012
50       0.974494222534678      0.9745334600480878      0.09864454761474523     -61.32285999198704       0.40000000000000124
50       0.974494222534678      0.9745334600480878      0.09864454761474523     -61.32285999198704       0.4500000000000013
50       0.974494222534678      0.9745334600480878      0.09864454761474523     -61.32285999198704       0.5000000000000013
50       0.974494222534678      0.9745334600480878      0.09864454761474523     -61.32285999198704       0.5500000000000014
50       0.974494222534678      0.9745334600480878      0.09864454761474523     -61.32285999198704       0.6000000000000014
50       0.974494222534678      0.9745334600480878      0.09864454761474523     -61.32285999198704       0.6500000000000015
50       0.974494222534678      0.9745334600480878      0.09864454761474523     -61.32285999198704       0.7000000000000015
50       0.974494222534678      0.9745334600480878      0.09864454761474523     -61.32285999198704       0.7500000000000016
50       0.974494222534678      0.9745334600480878      0.09864454761474523     -61.32285999198704       0.8000000000000016
50       0.974494222534678      0.9745334600480878      0.09864454761474523     -61.32285999198704       0.8500000000000016
50       0.974494222534678      0.9745334600480878      0.09864454761474523     -61.32285999198704       0.9000000000000017
50       0.974494222534678      0.9745334600480878      0.09864454761474523     -61.32285999198704       0.9500000000000017
50       0.974494222534678      0.9745334600480878      0.09864454761474523     -61.32285999198704       1.0000000000000018
50       0.974494222534678      0.9745334600480878      0.09864454761474523     -61.32285999198704       1.0500000000000016
50       0.974494222534678      0.9745334600480878      0.09864454761474523     -61.32285999198704       1.1000000000000019
50       0.974494222534678      0.9745334600480878      0.09864454761474523     -61.32285999198704       1.1500000000000021
50       0.974494222534678      0.9745334600480878      0.09864454761474523     -61.32285999198704       1.200000000000002
50       0.974494222534678      0.9745334600480878      0.09864454761474523     -61.32285999198704       1.2500000000000018
50       0.974494222534678      0.9745334600480878      0.09864454761474523     -61.32285999198704       1.300000000000002
50       0.974494222534678      0.9745334600480878      0.09864454761474523     -61.32285999198704       1.3500000000000023
50       0.974494222534678      0.9745334600480878      0.09864454761474523     -61.32285999198704       1.4000000000000021
50       0.974494222534678      0.9745334600480878      0.09864454761474523     -61.32285999198704       1.450000000000002
