50       0.002647597993319385      0.002111956588186552      0.24997388302939447     -25.899524640321506       -1.0
50       1.7976508491428798e-07      1.798237659166087e-07      0.24999843719478257     -24.75861745540012       -0.95
50       1.7323359201851344e-08      5.990786120257338e-09      -0.24999999973539375     -24.067604803820146       -0.8999999999999999
50       3.753118637807283e-05      4.208684196948725e-05      -0.24999346670606776     -22.88325377136225       -0.8499999999999999
50       1.4319310245105288      1.4318421337436378      -0.00014144348495280428     -22.673476497660445       -0.7999999999999998
50       1.3134363281036214      1.3133697913661873      -0.00011822328616538365     -22.95435734897811       -0.7499999999999998
50       1.2518490624476606      1.2519007158317377      -0.00010707305953203964     -23.276203443406594       -0.6999999999999997
50       1.210347585976487      1.2107125353498074      -9.914388095273084e-05     -23.628459557995754       -0.6499999999999997
50       1.179085070190429      1.180026767284541      -9.204799336811592e-05     -24.005565306855463       -0.5999999999999996
50       1.1539695763765214      1.1557865740936097      -8.47918879922058e-05     -24.40397420609016       -0.5499999999999996
50       1.1329135580184297      1.1359148902318157      -7.689167878976985e-05     -24.821191582061534       -0.49999999999999956
50       1.1147137143714554      1.1192028553511004      -6.809296931711403e-05     -25.25535263986932       -0.4499999999999995
50       1.0986173574751923      1.1048824999129816      -5.8255722188160806e-05     -25.705004131545905       -0.39999999999999947
50       1.0841251228076294      1.092433682326776      -4.729886631842788e-05     -26.168978629395042       -0.3499999999999994
50       1.0708906393065278      1.0814864538817912      -3.517026667568694e-05     -26.646316435280585       -0.2999999999999994
50       1.058665188370823      1.0717673699798171      -2.182940589782808e-05     -27.136214249069514       -0.24999999999999933
50       1.047265245631368      1.0630679938714878      -7.236242177489136e-06     -27.637989903590178       -0.1999999999999993
50       1.0365525184111541      1.0552254459498493      8.656563615529303e-06     -28.151057264179176       -0.14999999999999925
50       1.026421201156405      1.0481098818630998      2.5909613885773082e-05     -28.67490783685123       -0.0999999999999992
50       1.0167895911614815      1.0416161498891954      4.460206973470287e-05     -29.209096961895437       -0.049999999999999156
50       1.0075944347576617      1.0356580706777763      6.483670469745904e-05     -29.75323323556535       8.881784197001252e-16
50       0.9987870334915484      1.0301644183619292      8.67453647780407e-05     -30.306970262527194       0.05000000000000093
50       0.9903305113760886      1.0250760375990666      0.00011049465898470153     -30.870000128608417       0.10000000000000098
50       0.9821978633328753      1.0203437388937306      0.00013629362035293854     -31.442048168154358       0.15000000000000102
50       0.9743705384031497      1.0159267400161176      0.00016440139345565274     -32.02286872270474       0.20000000000000107
50       0.9668373958713851      1.0117914999246334      0.00019513798119157513     -32.612241670839       0.2500000000000011
50       0.959593927767096      1.007910842428165      0.00022889685452456238     -33.20996956673433       0.30000000000000115
50       0.9526416780427389      1.0042633001985009      0.0002661609029916755     -33.815875265877935       0.3500000000000012
50       0.9459878148347685      1.0008326331338386      0.00030752260238150304     -34.42979994585461       0.40000000000000124
50       0.9396448307243371      0.9976074915284175      0.00035370951771387514     -35.0516014518132       0.4500000000000013
50       0.9336303600545895      0.994581207022222      0.00040561689953798276     -35.681152912353696       0.5000000000000013
50       0.9279671134472576      0.9917517042844524      0.00046434951274055663     -36.31834158391739       0.5500000000000014
50       0.9226829392448035      0.9891215351176884      0.0005312755181099902     -36.963067891237564       0.6000000000000014
50       0.91781103018182      0.9866980448871686      0.0006080962321220457     -37.615244638983945       0.6500000000000015
50       0.9133903020667494      0.9844936894690461      0.0006969370208819275     -38.27479637583155       0.7000000000000015
50       0.9094659800051662      0.9825265299683329      0.000800465159454292     -38.941658897322206       0.7500000000000016
50       0.906090436802994      0.9808209422510975      0.0009220452186677157     -39.615778878345914       0.8000000000000016
50       0.9033243374521447      0.9794085890876534      0.001065942011198844     -40.2971136301302       0.8500000000000016
50       0.9012381514594273      0.978329713296715      0.0012375874299181678     -40.98563098046268       0.9000000000000017
50       0.8999140979324388      0.9776348184610483      0.0014439313672343689     -41.681309279685465       0.9500000000000017
50       0.8994485789253999      0.9773868034773454      0.0016939022427869869     -42.38413753882239       1.0000000000000018
50       0.8999551192318531      0.9776635963020547      0.0019990091486319396     -43.09411571005761       1.0500000000000016
50       0.9015677350874363      0.9785612656594587      0.0023741233481564183     -43.81125512332725       1.1000000000000019
50       0.9044444433019226      0.9801974295302766      0.0028384809086735826     -44.53557909523938       1.1500000000000021
50       0.9087701940480918      0.9827144381420516      0.003416939708212403     -45.267123726029006       1.200000000000002
50       0.9147576944685463      0.9862811374124781      0.004141502782071186     -46.00593889281071       1.2500000000000018
50       0.9226431329130282      0.9910907880926608      0.00505304785377101     -46.75208942511929       1.300000000000002
50       0.9326714286954826      0.9973506556809755      0.006203059763422651     -47.50565639675456       1.3500000000000023
50       0.9450622621976014      1.0052558013096606      0.00765487791800472     -48.266738360536884       1.4000000000000021
50       0.9599447340838329      1.0149364452430603      0.009483490804445195     -49.03545215091997       1.450000000000002
50       0.9772486679207718      1.0263679979698994      0.011772252597436987     -49.811932541637205       1.5000000000000022
50       0.9965526263688449      1.0392426919423634      0.014604323505615574     -50.59632957134968       1.5500000000000025
50       1.0169242657323123      1.0528320355949674      0.018047015191111668     -51.3888018944068       1.6000000000000023
50       1.0368481874774453      1.0659210224403246      0.022129972202444226     -52.189504547913934       1.6500000000000021
50       1.0543780388219626      1.0769321933416407      0.02682391835383909     -52.99857082667949       1.7000000000000024
50       1.0675819936873767      1.0843005587484058      0.03203238455753305     -53.81609093963453       1.7500000000000027
50       1.0751364436815876      1.0869754724121237      0.037606709734742054     -54.64209353114683       1.8000000000000025
50       1.0767312468194725      1.0847600272414009      0.04338098282546301     -55.47653689721076       1.8500000000000023
50       1.0730381172213599      1.0782760089803578      0.04920908130382989     -56.31931286894153       1.9000000000000026
50       1.065317057995484      1.0686225266575498      0.054986055590425784     -57.1702603553031       1.9500000000000028
