50       1.2561913414483594e-05      1.3449571902547215e-05      -0.24999997318427117     -68.7292044631031       -1.0
50       3.167401816435675e-08      2.3668031712356886e-08      -0.24999999971803194     -67.07510480499094       -0.95
50       5.350113609395985e-06      8.115969572321025e-06      -0.24999909159002556     -63.77119488219517       -0.8999999999999999
50       7.540403826077126e-06      1.381128321413138e-05      -0.24999807834567558     -60.50212849490559       -0.8499999999999999
50       0.00012290644830637774      7.790790079506739e-05      -0.2499980947787273     -57.29146453036492       -0.7999999999999998
50       0.0008121941565185473      0.0006712820205511626      -0.24996988556661576     -54.20556321651136       -0.7499999999999998
50       2.6093582630274503      2.6090913624653234      -0.000311729421004994     -53.01019413979513       -0.6999999999999997
50       2.495753045601484      2.496292564073803      -0.00020232739292112652     -53.42444873310803       -0.6499999999999997
50       2.4360804490236796      2.438308422040982      -0.0001616190305711647     -53.93356933810152       -0.5999999999999996
50       2.378662262268218      2.3837001366568984      -0.00013544416266023936     -54.51389930655765       -0.5499999999999996
50       2.3062788499039573      2.314946847529673      -0.00011304657797628299     -55.15355145200464       -0.49999999999999956
50       2.2176102332746215      2.2298123081575696      -9.437215783633383e-05     -55.84511941556573       -0.4499999999999995
50       2.1243789566232194      2.138914139056572      -8.298061887160545e-05     -56.583382145229834       -0.39999999999999947
50       2.040248302144616      2.0553602137957463      -8.111825559038416e-05     -57.364357521515444       -0.3499999999999994
50       1.971925889383233      1.9859856639767148      -8.87734182669433e-05     -58.1848793606179       -0.2999999999999994
50       1.9193561299548387      1.9311800725062227      -0.00010453671592446923     -59.04237795224329       -0.24999999999999933
50       1.8794935407577116      1.8883467599887624      -0.00012706403072198957     -59.93473264516075       -0.1999999999999993
50       1.8489563697652909      1.8544423249625448      -0.000154644142537863     -60.860164157145284       -0.14999999999999925
50       1.824956246327669      1.826903009545921      -0.00018648180972127476     -61.8171554795922       -0.0999999999999992
50       1.8054415325742992      1.803820727509542      -0.00022210728482209704     -62.804394307802625       -0.049999999999999156
50       1.7890266351670434      1.783897643977876      -0.0002611265189735504     -63.82073271895345       8.881784197001252e-16
50       1.774761530972037      1.7662351969454213      -0.0003031781753800277     -64.86515627717262       0.05000000000000093
50       1.7620580326179374      1.7502743998651238      -0.00034838365051986884     -65.93676220407853       0.10000000000000098
50       1.7505032373089426      1.735619979044272      -0.0003964801105933714     -67.03474157832304       0.15000000000000102
50       1.739838326539379      1.7220210412256276      -0.00044780906942370346     -68.15836706941353       0.20000000000000107
50       1.72991478109731      1.7093323901403623      -0.0005028673995103323     -69.3069820158747       0.2500000000000011
50       1.7206408526588899      1.6974640567020232      -0.0005618589742477507     -70.47999274074617       0.30000000000000115
50       1.711964482870406      1.6863641073640023      -0.0006249669215888857     -71.6768613162892       0.3500000000000012
50       1.7038522161065754      1.6759977927821097      -0.0006932940580715623     -72.89710088275378       0.40000000000000124
50       1.6963083018976497      1.6663685073046082      -0.0007666719371428146     -74.14027133058013       0.4500000000000013
50       1.689337477407889      1.657479931313646      -0.0008461738046877357     -75.40597545148185       0.5000000000000013
50       1.682946907871308      1.649339176896191      -0.0009331028304909281     -76.69385621103096       0.5500000000000014
50       1.6771484218258483      1.6419583575346108      -0.00102841643457899     -78.00359419290878       0.6000000000000014
50       1.6719606390110051      1.6353576121648734      -0.0011332881093430904     -79.33490576898899       0.6500000000000015
50       1.667399737772637      1.6295557179716882      -0.0012498687538248928     -80.68754157362237       0.7000000000000015
50       1.6634823081286048      1.6245723072166391      -0.0013800142220443188     -82.0612849855336       0.7500000000000016
50       1.6602275608040884      1.6204325956032075      -0.0015263643449806169     -83.4559512152163       0.8000000000000016
50       1.6576601906523125      1.6171645981041707      -0.0016924625539502622     -84.87138628029835       0.8500000000000016
50       1.6557983592924639      1.6147921813759507      -0.001882793060639892     -86.30746692024572       0.9000000000000017
50       1.6546655239666828      1.613347494318952      -0.0021028969487023354     -87.76409992668695       0.9500000000000017
50       1.654282415124904      1.6128582090189518      -0.002360203499528739     -89.24122235238916       1.0000000000000018
50       1.654674218208073      1.6133590794911632      -0.0026656423581029633     -90.73880163221541       1.0500000000000016
50       1.6558557068468471      1.6148761958727558      -0.003033453781019749     -92.2568360646325       1.1000000000000019
50       1.657843537531926      1.617438177305333      -0.0034834057599596627     -93.79535569416811       1.1500000000000021
50       1.6606298283121126      1.6210506928294546      -0.00404270051341382     -95.35442320188214       1.200000000000002
50       1.6641900813053172      1.6257065519211318      -0.004749003983342608     -96.93413517756152       1.2500000000000018
50       1.6684393349678905      1.6313411038739423      -0.005657431953641984     -98.53462392829334       1.300000000000002
50       1.6732105263827606      1.6378117319866103      -0.006841061036252598     -100.15605944805472       1.3500000000000023
50       1.6781978683725862      1.6448437667729896      -0.008405824154496762     -101.79865174309779       1.4000000000000021
50       1.68287679105031      1.65195119560459      -0.010498460253410872     -103.46265456641291       1.450000000000002
50       1.6863730663732166      1.6583051917748497      -0.013320350849621042     -105.14836953253977       1.5000000000000022
50       1.68729271000851      1.662560492744173      -0.017140829212292104     -106.8561520627479       1.5500000000000025
50       1.6835005877627787      1.6626181665077218      -0.022298288718927143     -108.58641815143133       1.6000000000000023
50       1.6719446191886382      1.6554122916267233      -0.029166521932967624     -110.33964781847405       1.6500000000000021
50       1.6488800819495333      1.637069947716984      -0.03803522250797157     -112.11637027173069       1.7000000000000024
50       1.6110685229018318      1.6040468872778808      -0.04888441156881839     -113.917102204332       1.7500000000000027
50       1.5583286227652953      1.5556951551644684      -0.06115498599935572     -115.74220844788725       1.8000000000000025
50       1.4955597182555618      1.4964622829804335      -0.07380619341692987     -117.59171130012622       1.8500000000000023
50       1.4311117121373371      1.434496015372023      -0.08578565994802807     -119.46517279120437       1.9000000000000026
50       1.3721526823171564      1.3770713042750298      -0.09649955676830727     -121.3617538120262       1.9500000000000028
