50       0.9693107322141101      1.011488863801937      0.0003319630561888612     -37.32761923174212       -1.0
50       0.952406414174621      1.0028785184017392      0.0003730718027375745     -36.49036457789855       -0.95
50       0.9336303600550663      0.9945812070228092      0.00040561688943628377     -35.68115291235364       -0.8999999999999999
50       0.9116291655657958      0.9864160698918216      0.00042231392911552015     -34.902747846058446       -0.8499999999999999
50       0.8833752525181081      0.9777369705426652      0.00041246114385321594     -34.15880756537044       -0.7999999999999998
50       0.8414480365540332      0.9665528497287202      0.00036148364317800316     -33.454556113191394       -0.7499999999999998
50       0.7655207579108604      0.9464195795431002      0.00025470606909482843     -32.79829407673823       -0.6999999999999997
50       0.6003396168326343      0.896227498583208      0.00010328056201634385     -32.20544051333068       -0.6499999999999997
50       0.3054846594415237      0.7930685798935014      8.233915583590749e-06     -31.709483365145175       -0.5999999999999996
50       0.07784015206054619      0.7165093338073608      1.3425719280303745e-08     -31.371110267573258       -0.5499999999999996
50       -0.0      0.6931471805599453      2.465190328815662e-28     -31.249999999999964       -0.49999999999999956
50       0.05349843226574767      0.7085671525841856      1.3469062198869498e-16     -31.375139156336235       -0.4499999999999995
50       0.1480934073258411      0.737259827783886      1.5037403785886816e-14     -31.745926110838447       -0.39999999999999947
50       0.2519586108749309      0.771484678493636      3.1642898458677497e-12     -32.343641464978624       -0.3499999999999994
50       0.35500802661674596      0.8088851630543408      -3.40631484952875e-12     -33.14137973469388       -0.2999999999999994
50       0.4536289305973845      0.8484129917389507      -1.453504600406091e-09     -34.110359265969095       -0.24999999999999933
50       0.5466933080609844      0.8894680737035389      9.576966000433697e-09     -35.223318051042       -0.1999999999999993
50       0.6340964769810138      0.9316377621185032      -1.8577647953560032e-08     -36.456033105904424       -0.14999999999999925
50       0.7161548491758564      0.9746025522758964      -3.721224002834792e-07     -37.78776519947927       -0.0999999999999992
50       0.7932899630862643      1.0180815661647782      6.255388470628505e-07     -39.20114994882418       -0.049999999999999156
50       0.8659342689977217      1.0617980418814654      2.4457100380944975e-06     -40.68184286803795       8.881784197001252e-16
50       0.934569519486169      1.105483000903735      -1.7447042501941992e-06     -42.21808617348532       0.05000000000000093
50       0.9995336246230234      1.148873614498105      -1.4340580339801458e-05     -43.80028175983235       0.10000000000000098
50       1.06078017128146      1.1916603072478387      -2.525909476077613e-05     -45.42060663107549       0.15000000000000102
50       1.1179756281059239      1.2334176357059425      -2.036569580671909e-05     -47.07268219833685       0.20000000000000107
50       1.1711076094751531      1.2738633587495203      5.805370335340894e-06     -48.75130375674488       0.2500000000000011
50       1.2207810063696711      1.3130259028441267      4.6636066428519944e-05     -50.45221934882204       0.30000000000000115
50       1.2676886370781049      1.3508638902597894      8.86864536574337e-05     -52.171939529068275       0.3500000000000012
50       1.3120935531013365      1.3869441001775447      0.00011884053422285274     -53.90758072003063       0.40000000000000124
50       1.3539598419860621      1.4206714167124228      0.00012815440306374152     -55.65675081552491       0.4500000000000013
50       1.3933454386138873      1.4517028201656015      0.0001123403710354746     -57.41746894364045       0.5000000000000013
50       1.4305878716776435      1.4801298752422267      7.089043954497405e-05     -59.18810157476383       0.5500000000000014
50       1.4661718174887857      1.5063459909631725      5.853363056497009e-06     -60.96730352399395       0.6000000000000014
50       1.500473803868755      1.5307887717115156      -7.934396854284269e-05     -62.75396235270324       0.6500000000000015
50       1.5335939151542206      1.553753562607681      -0.00018018233948306116     -64.54714858511127       0.7000000000000015
50       1.5653133868198916      1.57530699639448      -0.00029181853698645606     -66.34607495857809       0.7500000000000016
50       1.5952099812941356      1.5953413528937839      -0.0004083699557273813     -68.15006523442457       0.8000000000000016
50       1.6228217563297869      1.61367552928281      -0.0005257233812440889     -69.95853214763862       0.8500000000000016
50       1.6478010783007586      1.6301685353884674      -0.0006395250559682575     -71.77096269141765       0.9000000000000017
50       1.6699658567615772      1.6447525790561728      -0.0007469238100343208     -73.58690785257158       0.9500000000000017
50       1.6893374774078935      1.6574799313136157      -0.0008461738046878954     -75.40597545148204       1.0000000000000018
50       1.7060791481976019      1.6684797648081962      -0.0009369387739213992     -77.22782330133366       1.0500000000000016
50       1.720444567555461      1.6779336539206413      -0.0010187549020361031     -79.05215398557196       1.1000000000000019
50       1.7327193350108216      1.6860348904095919      -0.001091931582749299     -80.87870917903338       1.1500000000000021
50       1.7431939285834266      1.692977350797637      -0.001156648259506605     -82.70726424365857       1.200000000000002
50       1.7521370248874053      1.6989367474178483      -0.0012145073189616317     -84.53762375199145       1.2500000000000018
50       1.759794943700309      1.7040738540334692      -0.001265800126952151     -86.36961710772562       1.300000000000002
50       1.766371232410868      1.7085189205536069      -0.0013114778377940554     -88.20309523086314       1.3500000000000023
50       1.7720443563882138      1.7123866794403144      -0.0013517162758444933     -90.03792723158682       1.4000000000000021
50       1.7769581830337429      1.7157684028753817      -0.001388061998560242     -91.87399754708666       1.450000000000002
