50       0.01325139723659296      0.006648670257448451      0.24953064505151143     -61.815871293899036       -1.0
50       2.898345644065683e-08      1.348425587490546e-07      -0.24999998203946347     -60.326611463460154       -0.95
50       1.6848668836275225e-05      4.012911575896323e-05      -0.24999904096592657     -56.14172557444249       -0.8999999999999999
50       1.2351862629653844e-05      2.5662120223054838e-05      -0.24999812222846524     -54.34592988572295       -0.8499999999999999
50       1.395225989181863e-06      1.7110776621441344e-06      -0.24999994475296847     -51.40166576186024       -0.7999999999999998
50       0.012409742468643863      0.012506947123811332      -0.24994050775707094     -48.51996560445521       -0.7499999999999998
50       2.846134865310572      2.845800833740113      -0.0007892949415745851     -45.56303382164904       -0.6999999999999997
50       2.513610791974234      2.5135156610133587      -0.0002382190617379467     -45.83571553663013       -0.6499999999999997
50       2.436622673562703      2.436898578037139      -0.00017734539988695664     -46.22594766696956       -0.5999999999999996
50       2.393442698020287      2.394431892158205      -0.00014918203716147895     -46.690709209539015       -0.5499999999999996
50       2.358696053356567      2.3610467699817272      -0.00012980304653518914     -47.214116100977044       -0.49999999999999956
50       2.320098199414388      2.3246524920351095      -0.00011290181754874579     -47.78727270389879       -0.4499999999999995
50       2.267106865745971      2.2748191489295233      -9.608258439147593e-05     -48.404431932223       -0.39999999999999947
50       2.1948988085017276      2.2064201808186663      -8.015082476455994e-05     -49.061534852833226       -0.3499999999999994
50       2.1085713916194297      2.1237835728300642      -6.793146469775528e-05     -49.75547629635422       -0.2999999999999994
50       2.0200701221389488      2.0380993605749635      -6.201210113259683e-05     -50.483709875048866       -0.24999999999999933
50       1.939842236137711      1.9595361824114086      -6.281708171526504e-05     -51.24406815161175       -0.1999999999999993
50       1.8723009782312277      1.8926751152681913      -6.891628562098645e-05     -52.034689037405336       -0.14999999999999925
50       1.8170941154400655      1.8375024999738807      -7.878897648464373e-05     -52.853973227426486       -0.0999999999999992
50       1.7719719719760418      1.7920764291139226      -9.063353081215933e-05     -53.70054089584616       -0.049999999999999156
50       1.734485370134552      1.7541683652798314      -0.00010318859019734498     -54.573190517735924       8.881784197001252e-16
50       1.7026400378010074      1.7219193850593808      -0.00011566897156662647     -55.47086368327871       0.05000000000000093
50       1.6749722219206762      1.6939386021208709      -0.00012761043987456367     -56.39261877808869       0.10000000000000098
50       1.650489013019812      1.6692650250118493      -0.00013864858067240096     -57.33761083577547       0.15000000000000102
50       1.628523646185401      1.6472377136880376      -0.00014864090600205326     -58.305076884987216       0.20000000000000107
50       1.6086521858150424      1.6274232350783266      -0.0001573582033760787     -59.29432514509992       0.2500000000000011
50       1.5905925811316821      1.6095219191551526      -0.00016477024729170817     -60.30472644132757       0.30000000000000115
50       1.5741630294563722      1.5933311244941686      -0.00017078334036359533     -61.335707903179774       0.3500000000000012
50       1.5592408433406355      1.5787068007673537      -0.00017543152754293377     -62.386747883865326       0.40000000000000124
50       1.5457408615746504      1.5655435328750458      -0.00017863815890639003     -63.4573718134828       0.4500000000000013
50       1.533593915154304      1.5537535626078292      -0.0001801823394831679     -64.54714858511159       0.5000000000000013
50       1.5227483749248456      1.543269675468494      -0.00018021835080273915     -65.65568787927872       0.5500000000000014
50       1.5131665654022017      1.534040842227185      -0.00017826844315055134     -66.78263748444786       0.6000000000000014
50       1.504807282322355      1.5260150258439111      -0.00017420953126657352     -67.9276811649516       0.6500000000000015
50       1.4976373833028214      1.5191503965878617      -0.00016784412558072206     -69.09053637018272       0.7000000000000015
50       1.4916286491672779      1.5134117151995437      -0.00015884792313204747     -70.27095262040493       0.7500000000000016
50       1.4867526990754623      1.5087648984969897      -0.00014720817591328274     -71.46870996705968       0.8000000000000016
50       1.4829851359632324      1.5051812318782545      -0.0001326990629095911     -72.68361757893553       0.8500000000000016
50       1.480307988996639      1.5026389329196874      -0.00011530621767172327     -73.91551261151702       0.9000000000000017
50       1.4787093346504219      1.5011231946901435      -9.541495652127787e-05     -75.16425918084398       0.9500000000000017
50       1.478175896988567      1.5006181750400858      -7.3973127741474e-05     -76.42974753174349       1.0000000000000018
50       1.4787082262353897      1.5011211372449529      -5.2719755491177255e-05     -77.711893632748       1.0500000000000016
50       1.4802938795213374      1.5026178033374582      -3.5185899279344055e-05     -79.01063833029285       1.1000000000000019
50       1.4829354631624578      1.5051079574179242      -2.654986003896923e-05     -80.32594765595188       1.1500000000000021
50       1.4866268789462376      1.5085833454878212      -3.603609300309587e-05     -81.65781254773275       1.200000000000002
50       1.4913591422644563      1.513032009119905      -7.783620402554772e-05     -83.00624918024803       1.2500000000000018
50       1.4971117076131524      1.5184329189489418      -0.0001737821009891936     -84.3712994656304       1.300000000000002
50       1.5038389626549882      1.5247393169165584      -0.000356707157023521     -85.75303181189497       1.3500000000000023
50       1.5114516820422434      1.5318644025470847      -0.0006756998695687075     -87.15154236062097       1.4000000000000021
50       1.5197846367320664      1.5396477579531649      -0.001203734845065039     -88.56695646614547       1.450000000000002
50       1.5285584605086746      1.5478214106674053      -0.0020466275128984417     -89.99943078515872       1.5000000000000022
50       1.537303546856717      1.5559345215059845      -0.0033586250769391214     -91.44915681847142       1.5500000000000025
50       1.5452783800148877      1.5632722464439683      -0.0053626312731036175     -92.91636528595008       1.6000000000000023
50       1.5513292470550937      1.5687160012934807      -0.008372977891537181     -94.40133365938091       1.6500000000000021
50       1.5537542296600853      1.5705983080555723      -0.012819721073188538     -95.90439708869836       1.7000000000000024
50       1.550168181849266      1.566552006971644      -0.019245477918937166     -97.42596224857839       1.7500000000000027
50       1.537522743169871      1.5535039521824363      -0.028212257343911477     -98.96651568194642       1.8000000000000025
50       1.5126634799903047      1.528223671639046      -0.04001406972008966     -100.52659731045759       1.8500000000000023
50       1.474005841556947      1.4890421870972743      -0.054213056326304424     -102.10668626220274       1.9000000000000026
50       1.424080629007649      1.438472948181886      -0.06942140910350454     -103.70697800696611       1.9500000000000028
