50       1.1621571860585647      1.1636216210600299      -0.0001012481949477177     -27.246308199421744       -1.0
50       1.1494556167628402      1.1514740203787317      -9.026506024481776e-05     -26.009403625599614       -0.95
50       1.1329135580193272      1.1359148902334544      -7.68916840814438e-05     -24.821191582061534       -0.8999999999999999
50       1.1107953397363197      1.1156811540224796      -5.996657926180678e-05     -23.69003950968029       -0.8499999999999999
50       1.0808655230712954      1.0896417147792206      -3.722025609696836e-05     -22.626774137578394       -0.7999999999999998
50       1.0403878729235623      1.0576520795274775      -4.497682754195711e-06     -21.645297267924235       -0.7499999999999998
50       0.9858578461883853      1.0220273247085052      4.3629385647305755e-05     -20.762872132066065       -0.6999999999999997
50       0.9100271911325936      0.9881710986894007      0.0001054141367612     -19.999795091842124       -0.6499999999999997
50       0.7786155926853536      0.9559925224777341      0.00013760172099492538     -19.379516619690772       -0.5999999999999996
50       0.418439320730131      0.8587111257255613      3.672183501055342e-05     -18.93592875268728       -0.5499999999999996
50       3.6036202779936106e-06      0.6931501816872597      1.0827587419306248e-11     -18.74999999958702       -0.49999999999999956
50       2.603386384585723      2.60328943600702      -7.108237058150138e-05     -19.369796829482905       -0.4499999999999995
50       2.44203431952939      2.441946090249263      -7.38095392798352e-05     -20.183080304422422       -0.39999999999999947
50       2.3641122637485537      2.364024624392955      -7.93788372985883e-05     -21.1119974019743       -0.3499999999999994
50       2.323310853703399      2.3232232769465138      -8.590544282330157e-05     -22.126704645118057       -0.2999999999999994
50       2.302441609858296      2.30235499666401      -9.339022887818702e-05     -23.205614046456148       -0.24999999999999933
50       2.2928683234417804      2.292783023048124      -0.00010040552368259541     -24.33282695914442       -0.1999999999999993
50       2.2897248478956715      2.2896408691239203      -0.00010685269537868394     -25.49678184537303       -0.14999999999999925
50       2.290250641432457      2.2901689712837694      -0.00011236439971528361     -26.689098650065247       -0.0999999999999992
50       2.292891887780442      2.292813630029932      -0.00011706408462817719     -27.90366048183857       -0.049999999999999156
50       2.296827201174444      2.2967545882207845      -0.00012095203864742463     -29.13594687830285       8.881784197001252e-16
50       2.30152052844611      2.3014574903595197      -0.00012407985823014792     -30.382568278943953       0.05000000000000093
50       2.3066297507901545      2.306580866386853      -0.00012672446096207205     -31.640944714092363       0.10000000000000098
50       2.3119686893180487      2.3119409872878873      -0.00012888142979262224     -32.90908364350065       0.15000000000000102
50       2.317421096132118      2.3174232235910575      -0.00013056325678425666     -34.1854247365386       0.20000000000000107
50       2.322880587573955      2.322924219720794      -0.00013177398863851192     -35.468729867073115       0.2500000000000011
50       2.32829265792623      2.328392529459248      -0.00013259354522513855     -36.75800469385879       0.30000000000000115
50       2.3336152483070713      2.333791299652299      -0.00013318559302167207     -38.052441372403756       0.3500000000000012
50       2.338806611837705      2.3390856021429034      -0.0001335603444751585     -39.3513767037151       0.40000000000000124
50       2.3437977027324477      2.3442173773310393      -0.00013365675856692852     -40.654261024748514       0.4500000000000013
50       2.348302290317068      2.3489278318001054      -0.00013343704161741264     -41.96063753866225       0.5000000000000013
50       2.3523231954466137      2.353228603977302      -0.00013295383831101024     -43.270117052474       0.5500000000000014
50       2.3557634390708615      2.357030823822063      -0.00013224032248254958     -44.58236846128836       0.6000000000000014
50       2.358036356873442      2.3597811935572643      -0.00013123582849532557     -45.89711505529907       0.6500000000000015
50       2.358693700113621      2.3610445214218907      -0.00012979838769009843     -47.21411613098822       0.7000000000000015
50       2.357420274964613      2.3605057785417705      -0.00012798192543760144     -48.53316169200818       0.7500000000000016
50       2.353742205115851      2.3576974339805052      -0.00012571697829401248     -49.85407282979547       0.8000000000000016
50       2.3470968055140515      2.3520587485329076      -0.0001230500202859073     -51.17669481614972       0.8500000000000016
50       2.3370814540925053      2.343178953954853      -0.00011999932452440007     -52.50089231020158       0.9000000000000017
50       2.3234712429661903      2.33081461208948      -0.00011658637220632102     -53.826546391373114       0.9500000000000017
50       2.306279067822202      2.314947055984358      -0.0001130494956680319     -55.15355145941409       1.0000000000000018
50       2.2857913907886984      2.2958220835075998      -0.00010948040956216348     -56.48181265038778       1.0500000000000016
50       2.2625700543693035      2.273952971617695      -0.000106166227294029     -57.81124326273394       1.1000000000000019
50       2.237385829464258      2.2500600621084317      -0.00010331447922026329     -59.141763343832096       1.1500000000000021
50       2.2111318220134626      2.2249911190590437      -0.00010099879183773758     -60.473298395775316       1.200000000000002
50       2.1847193315257964      2.199622235683312      -9.942694101669156e-05     -61.80577853561299       1.2500000000000018
50       2.158945223075031      2.1747284518194134      -9.870321606082079e-05     -63.1391385555206       1.300000000000002
50       2.134468637318164      2.150958641170068      -9.877999399590949e-05     -64.47331742158028       1.3500000000000023
50       2.111734983018581      2.128760483630451      -9.968031692405318e-05     -65.80825872818096       1.4000000000000021
50       2.091033604306538      2.1084333067252756      -0.00010132144834445442     -67.14391025171781       1.450000000000002
