50       0.0015941712386040457      0.0004550097404510996      -0.24993789166471556     -33.13737412677651       -1.0
50       4.949105852682189e-06      3.5850779894372766e-05      0.24999879676934114     -32.294215421512874       -0.95
50       1.3544780215737785e-06      1.0233545315199907e-06      0.24999998998962703     -30.68165801924216       -0.8999999999999999
50       4.103610639125462e-06      3.829680265312173e-06      0.24999998970698456     -29.07280038183977       -0.8499999999999999
50       0.11297518285352905      0.5541177580079348      -0.15196797824731015     -28.00133105782106       -0.7999999999999998
50       0.00030768780587800334      0.00011548773070253086      0.24999124543773033     -26.33979069222063       -0.7499999999999998
50       0.03262402643611243      0.01041191183189222      0.24811489277534401     -24.683811808647803       -0.6999999999999997
50       0.014495238691549875      0.01784573289798932      0.23890263048619456     -22.700059442008303       -0.6499999999999997
50       7.77064640718267e-09      1.1131522333453388e-08      -0.24999999729725209     -21.66694998449097       -0.5999999999999996
50       9.58077814032083e-06      7.018060429045557e-06      -0.01818240779308939     -20.01995812868289       -0.5499999999999996
50       3.5550931079261604e-06      0.6931501412510396      1.0883298419983562e-11     -18.74999999959525       -0.49999999999999956
50       4.2403213526142977e-14      0.6931471805599563      3.370557533250325e-19     -19.375000000000032       -0.4499999999999995
50       5.875247417497284e-18      0.6931471805599452      6.547677646664749e-25     -19.999999999999996       -0.39999999999999947
50       4.099074559305423e-20      0.6931471805599452      6.757717780007906e-26     -20.62499999999999       -0.3499999999999994
50       -0.0      0.6931471805599453      -3.000531060621271e-27     -21.25       -0.2999999999999994
50       -0.0      0.6931471805599452      -2.915827120923165e-26     -21.87500000000001       -0.24999999999999933
50       -0.0      0.6931471805599452      -2.838913182664116e-26     -22.499999999999996       -0.1999999999999993
50       -0.0      0.6931471805599452      -3.1955769194371662e-27     -23.125000000000004       -0.14999999999999925
50       3.3646385621434767e-15      0.6931471805599458      1.1381128010478895e-19     -23.749999999999986       -0.0999999999999992
50       -0.0      0.6931471805599454      5.794183348848332e-26     -24.374999999999993       -0.049999999999999156
50       -0.0      0.6931471805599452      -7.069534774319141e-26     -24.999999999999993       8.881784197001252e-16
50       1.145982615128312e-13      0.6931471805599835      3.8263053754640734e-19     -25.62499999999989       0.05000000000000093
50       3.432508847250739e-15      0.6931471805599466      4.565021007898528e-21     -26.249999999999943       0.10000000000000098
50       3.4413918767634316e-16      0.6931471805599454      -1.008807608371067e-19     -26.875000000000057       0.15000000000000102
50       5.714003967681182e-15      0.6931471805599457      2.044917091249981e-21     -27.500000000000032       0.20000000000000107
50       -0.0      0.6931471805599453      -5.383975678133406e-28     -28.125000000000004       0.2500000000000011
50       -0.0      0.6931471805599452      7.587855832094607e-29     -28.749999999999982       0.30000000000000115
50       -0.0      0.6931471805599452      5.092097143201631e-28     -29.374999999999996       0.3500000000000012
50       -0.0      0.6931471805599452      -7.072138015306371e-28     -30.0       0.40000000000000124
50       -0.0      0.6931471805599453      -2.782706843167119e-28     -30.624999999999982       0.4500000000000013
50       -0.0      0.6931471805599452      1.3864230409259282e-28     -31.249999999999993       0.5000000000000013
50       -0.0      0.6931471805599453      -1.3173977117190897e-28     -31.874999999999986       0.5500000000000014
50       5.0435711202696244e-14      0.6931471805599712      1.1923115531934538e-23     -32.49999999999986       0.6000000000000014
50       -0.0      0.6931471805599454      6.675735410432812e-29     -33.12499999999999       0.6500000000000015
50       -0.0      0.6931471805599452      -2.1595067280425198e-29     -33.749999999999964       0.7000000000000015
50       -0.0      0.6931471805599452      3.027253723785633e-29     -34.37499999999997       0.7500000000000016
50       -0.0      0.6931471805599453      -9.407166294760566e-29     -34.99999999999997       0.8000000000000016
50       -0.0      0.6931471805599452      -6.981419011205954e-29     -35.62499999999999       0.8500000000000016
50       -0.0      0.6931471805599452      3.756950061115069e-29     -36.249999999999964       0.9000000000000017
50       -0.0      0.6931471805599453      -1.936653522317584e-28     -36.87499999999993       0.9500000000000017
50       -0.0      0.6931471805599453      -1.7678372886002875e-27     -37.50000000000001       1.0000000000000018
50       -0.0      0.6931471805599452      -1.7733593149368345e-27     -38.125000000000036       1.0500000000000016
50       -0.0      0.6931471805599452      9.253338418242468e-28     -38.749999999999915       1.1000000000000019
50       -0.0      0.6931471805599452      -2.8058796322579864e-28     -39.375000000000014       1.1500000000000021
50       -0.0      0.6931471805599453      9.277004245399099e-28     -39.99999999999999       1.200000000000002
50       -0.0      0.6931471805599452      2.946395481000479e-27     -40.624999999999986       1.2500000000000018
50       -0.0      0.6931471805599453      1.8171534211282448e-29     -41.25       1.300000000000002
50       -0.0      0.6931471805599453      5.729102324167598e-28     -41.87499999999999       1.3500000000000023
50       -0.0      0.6931471805599453      5.391864287185616e-28     -42.4999999999999       1.4000000000000021
50       -0.0      0.6931471805599452      -1.3203559401136685e-27     -43.125000000000036       1.450000000000002
50       -0.0      0.6931471805599453      7.072138015306371e-28     -43.75000000000005       1.5000000000000022
50       -0.0      0.6931471805599453      2.0502494926694097e-27     -44.37500000000006       1.5500000000000025
50       -0.0      0.6931471805599453      5.52794279333624e-28     -44.999999999999936       1.6000000000000023
50       -0.0      0.6931471805599453      6.052535295308213e-28     -45.62499999999997       1.6500000000000021
50       -0.0      0.6931471805599452      -2.3813738576359294e-28     -46.24999999999999       1.7000000000000024
50       -0.0      0.6931471805599453      4.06184480098299e-27     -46.874999999999964       1.7500000000000027
50       -0.0      0.6931471805599453      7.779154601610703e-28     -47.499999999999964       1.8000000000000025
50       -0.0      0.6931471805599453      -2.8182055839020647e-27     -48.12500000000002       1.8500000000000023
50       -0.0      0.6931471805599453      2.951917507337026e-27     -48.749999999999986       1.9000000000000026
50       -0.0      0.6931471805599452      2.7274865798016483e-27     -49.37499999999986       1.9500000000000028
