50       3.7664096280452576e-06      2.985358051774755e-06      -0.24999996757087972     -28.59581139988808       -1.0
50       0.03685533133262011      0.5069475119576572      0.15158130704034126     -27.823753256124466       -0.95
50       5.418866181116612e-06      4.08826386814778e-05      0.24999866320401923     -26.956942472263503       -0.8999999999999999
50       1.3188793135857507e-05      5.341985661491694e-07      0.24999957076664234     -25.562031234998113       -0.8499999999999999
50       0.6223062110629161      0.10576986511010743      -0.10991997517376702     -23.799177017549486       -0.7999999999999998
50       0.02027920389701884      0.017321462534862067      -0.24981519760459486     -22.481790645975178       -0.7499999999999998
50       0.0001775466341239496      6.062716698326286e-05      0.24999467824461644     -21.444365283254346       -0.6999999999999997
50       4.042955440895983e-10      1.6608246871590224e-09      -0.2499999361960389     -20.49536663132889       -0.6499999999999997
50       1.0365187995655423      1.0548388926065597      -5.174633942945817e-07     -19.676116609280395       -0.5999999999999996
50       1.0077921971901822      1.035090750214166      2.1938206006886723e-05     -20.214242576862326       -0.5499999999999996
50       0.9858578462361517      1.0220273247555782      4.362939723004974e-05     -20.762872132066125       -0.49999999999999956
50       0.9675911916243365      1.0125318744086362      6.389164723206818e-05     -21.32017685239416       -0.4499999999999995
50       0.9515244101875103      1.0051643736271072      8.243710639579033e-05     -21.884932933604546       -0.39999999999999947
50       0.9368557782133347      0.9991456399460412      9.918353078200791e-05     -22.456248907225874       -0.3499999999999994
50       0.9231151707255403      0.9940150172975136      0.00011417412902818476     -23.03343962840272       -0.2999999999999994
50       0.9100206125513938      0.9894857182933614      0.0001275297237803381     -23.6159586831041       -0.24999999999999933
50       0.8974062299015612      0.9853741955387293      0.00013941724075411193     -24.203358416725866       -0.1999999999999993
50       0.8851815782905553      0.9815619452548624      0.00015002800997081648     -24.79526457018953       -0.14999999999999925
50       0.8733064721815657      0.9779731759151927      0.00015956324679424679     -25.391359295116402       -0.0999999999999992
50       0.8617742328806036      0.9745609038576799      0.00016822453426149244     -25.991369284230412       -0.049999999999999156
50       0.8505999213540076      0.9712978314671112      0.00017620766597422954     -26.59505718304119       8.881784197001252e-16
50       0.8398117850935374      0.9681701023170094      0.0001836992130374044     -27.202215193183267       0.05000000000000093
50       0.8294449482866513      0.9651728834649671      0.00019087471887155712     -27.81266018962519       0.10000000000000098
50       0.8195367757212503      0.9623071777826651      0.00019789845127928356     -28.426229913655355       0.15000000000000102
50       0.8101235561021912      0.9595775102817875      0.00020492381774005853     -29.04277994914039       0.20000000000000107
50       0.8012382431748002      0.9569902520080606      0.00021209462155944708     -29.66218128127355       0.2500000000000011
50       0.7929090341786676      0.9545524226600687      0.00021954658015971895     -30.28431829674141       0.30000000000000115
50       0.7851586035782308      0.9522708621159195      0.00022740916759251393     -30.90908712413203       0.3500000000000012
50       0.7780038372309925      0.9501516878009931      0.00023580774027440074     -31.536394240773635       0.40000000000000124
50       0.7714559334482585      0.9481999713022338      0.0002448655378650504     -32.16615529128846       0.4500000000000013
50       0.7655207579104083      0.9464195795426089      0.0002547060705163697     -32.798294076738195       0.5000000000000013
50       0.7601993599569082      0.9448131358281042      0.00026545522117820547     -33.432741683039886       0.5500000000000014
50       0.7554885771906334      0.9433820645203103      0.0002772436221209064     -34.069435724475426       0.6000000000000014
50       0.7513816734461352      0.9421266908545816      0.0002902090324481284     -34.70831968341023       0.6500000000000015
50       0.747868970654928      0.9410463738955962      0.00030449873032948254     -35.349342331265845       0.7000000000000015
50       0.7449384482338874      0.9401396563940914      0.0003202721842648639     -35.992457218766894       0.7500000000000016
50       0.7425762938973316      0.9394044199168896      0.0003377036672474127     -36.637622225739015       0.8000000000000016
50       0.74076739770419      0.938838037465085      0.0003569853566740778     -37.28479916248199       0.8500000000000016
50       0.7394957868686393      0.9384375187016206      0.0003783304137637472     -37.93395341608053       0.9000000000000017
50       0.7387450028044484      0.9381996451395506      0.000401976534589213     -38.58505363611876       0.9500000000000017
50       0.7384984244426479      0.9381210942886473      0.00042819002309238565     -39.23807145507779       1.0000000000000018
50       0.7387395433630429      0.9381985528851086      0.000457270191713429     -39.892981239429375       1.0500000000000016
50       0.7394521969643059      0.9384288200906106      0.0004895542693646657     -40.54975986798398       1.1000000000000019
50       0.7406207660960834      0.9388089020250492      0.0005254231396175394     -41.208386534522965       1.1500000000000021
50       0.7422303434264476      0.9393360993107218      0.0005653079346454676     -41.868842572164226       1.200000000000002
50       0.7442668783416515      0.9400080893663998      0.0006096973198288928     -42.53111129721926       1.2500000000000018
50       0.7467173037118618      0.9408230052723331      0.000659146051335887     -43.19517787060897       1.300000000000002
50       0.7495696492009034      0.9417795129360897      0.0007142847249024314     -43.8610291751514       1.3500000000000023
50       0.7528131451879152      0.9428768881985062      0.0007758309444897188     -44.528653707245695       1.4000000000000021
50       0.7564383207087441      0.944115095381017      0.000844602069431806     -45.198041481674416       1.450000000000002
50       0.760437098143903      0.9454948685489682      0.0009215301459732655     -45.86918394841738       1.5000000000000022
50       0.7648028865704928      0.9470177964610713      0.001007678544986568     -46.542073920500286       1.5500000000000025
50       0.7695306750709529      0.9486864119402508      0.0011042615459844708     -47.2167055120585       1.6000000000000023
50       0.7746171260600226      0.9505042857092595      0.0012126662750245752     -47.893074085886894       1.6500000000000021
50       0.7800606677590991      0.9524761242408551      0.0013344780404107076     -48.57117620986096       1.7000000000000024
50       0.785861583237868      0.9546078700403222      0.0014715087940411374     -49.2510096216871       1.7500000000000027
50       0.7920220915888351      0.9569068015431882      0.001625829802139991     -49.93257320151692       1.8000000000000025
50       0.7985464141124546      0.9593816278664821      0.001799808025018552     -50.61586695200424       1.8500000000000023
50       0.805440814935527      0.9620425710717903      0.0019961467954802913     -51.30089198539522       1.9000000000000026
50       0.8127136009309406      0.964901425099641      0.002217930918525933     -51.98765051726472       1.9500000000000028
