50       5.048973815576099e-07      3.547337353125513e-07      0.24999998419459332     -38.17820128530213       -1.0
50       0.008069237378478046      0.0018190564383444487      0.24959127009726295     -36.364817399757094       -0.95
50       4.9099690647771586e-08      5.882747765063088e-08      0.249999497458466     -34.556824951250654       -0.8999999999999999
50       1.0522288558943413      1.0522290770568727      0.2499988368701701     -32.754218706939234       -0.8499999999999999
50       0.24913634172280458      0.12968507121063097      0.23285336238471765     -31.598807278104452       -0.7999999999999998
50       1.4380777852541896e-07      1.5039816814167406e-07      0.2494078756112041     -29.172141593027604       -0.7499999999999998
50       0.003371923651523898      0.005851220664101473      -0.24983893000016488     -27.88034870357985       -0.6999999999999997
50       0.28449391476638053      0.47319611408338724      -0.21514847614063096     -26.040131257299798       -0.6499999999999997
50       1.213776969456783e-06      8.850860540210558e-07      -0.24999995785100992     -24.53067428742724       -0.5999999999999996
50       1.63976271709562      1.2809894699819895      -0.012669020844500814     -22.88049794613649       -0.5499999999999996
50       2.3233165426574476      2.323228897004011      -8.590485846609145e-05     -22.12670463959034       -0.49999999999999956
50       2.191034645444604      2.190956211872909      -4.713000551567734e-05     -22.320904796702834       -0.4499999999999995
50       2.121266851105335      2.121905284168896      -2.402025068460261e-05     -22.599445377311596       -0.39999999999999947
50       1.9252673851939184      1.9807934687254767      -5.250003068043523e-06     -22.957175213285876       -0.3499999999999994
50       0.87788702989763      1.16488590268222      4.553882690844131e-08     -23.425705828844507       -0.2999999999999994
50       0.6761315890495957      1.0121943716156594      -7.374585527365377e-09     -23.952727962213228       -0.24999999999999933
50       0.5878342966906801      0.9497314277590144      -5.279446220771063e-09     -24.506780649170373       -0.1999999999999993
50       0.5330207909849232      0.9129653136129551      -2.3994858293904103e-09     -25.078786852504372       -0.14999999999999925
50       0.4944924723683384      0.8882289323496111      -9.94408851890258e-10     -25.66387406965027       -0.0999999999999992
50       0.46566236233069225      0.8703949159573007      -3.5409439982520285e-10     -26.25899521119201       -0.049999999999999156
50       0.44325498177608674      0.8569759302791216      -7.317756079962777e-11     -26.862105662504366       8.881784197001252e-16
50       0.4253886330867475      0.8465796681050224      4.0515990270792946e-11     -27.471769397703312       0.05000000000000093
50       0.4108803684826982      0.8383529156410109      7.724832044216821e-11     -28.086942621561462       0.10000000000000098
50       0.39893930805123873      0.8317390305808217      8.136184441267613e-11     -28.706845358299944       0.15000000000000102
50       0.38901235209000995      0.826357663753768      7.16786561496569e-11     -29.33088112916041       0.20000000000000107
50       0.38069904501859586      0.8219394319832981      5.719489758100042e-11     -29.958584666395716       0.2500000000000011
50       0.37370128238614747      0.8182879548188912      4.185293552933629e-11     -30.589586760024172       0.30000000000000115
50       0.36779200683349333      0.8152566090296152      2.7714813099015855e-11     -31.223589971664275       0.3500000000000012
50       0.3627948982799155      0.8127336872024494      1.5388110111692103e-11     -31.860351457869427       0.40000000000000124
50       0.35857074359317537      0.8106325912063969      4.9914414827855415e-12     -32.49967056951544       0.4500000000000013
50       0.35500802661675546      0.8088851630543293      -3.406314849247445e-12     -33.14137973469394       0.5000000000000013
50       0.35201627343780534      0.8074370364068435      -9.831053699979904e-12     -33.785337645630506       0.5500000000000014
50       0.34952124711616367      0.8062443266881265      -1.4347133391464017e-11     -34.43142409217347       0.6000000000000014
50       0.3474614138393893      0.805271229727444      -1.6991523394766552e-11     -35.07953599152484       0.6500000000000015
50       0.34578530171226296      0.8044882504110836      -1.7610721541478717e-11     -35.729584300118944       0.7000000000000015
50       0.3444494979636231      0.803870876533565      -1.6023472949467958e-11     -36.38149158494906       0.7500000000000016
50       0.34341711031920197      0.8033985725696193      -1.2024474293968245e-11     -37.03519009403337       0.8000000000000016
50       0.3426565709584501      0.8030540069103329      -5.533057537464326e-12     -37.690620209036275       0.8500000000000016
50       0.3421406966798711      0.8028224517614434      3.7137243722782855e-12     -38.34772919358923       0.9000000000000017
50       0.34184594312587635      0.8026913124267736      1.5753502428036304e-11     -39.006470172666866       0.9500000000000017
50       0.3417518075853021      0.8026497546047598      3.1002498753193227e-11     -39.666801294156144       1.0000000000000018
50       0.3418403467592999      0.8026884067409356      4.9354864973796114e-11     -40.328685035293745       1.0500000000000016
50       0.3420957843382816      0.8027991204269623      7.071312872934275e-11     -40.99208762523655       1.1000000000000019
50       0.34250418936227167      0.80297477609477      9.485275692902973e-11     -41.656978561395       1.1500000000000021
50       0.3430532108051657      0.8032091243343562      1.2136212141810734e-10     -42.32333020199552       1.200000000000002
50       0.34373185719770105      0.8034966554796376      1.4962413831320188e-10     -42.99111742105657       1.2500000000000018
50       0.3445303125574904      0.8038324917635119      1.7875470549888715e-10     -43.66031731472439       1.300000000000002
50       0.34543978181126656      0.804212297639879      2.0786272722277824e-10     -44.33090895016582       1.3500000000000023
50       0.34645236029882837      0.8046322047983147      2.35644350144887e-10     -45.002873149905184       1.4000000000000021
50       0.3475609230736891      0.8050887491498573      2.6078998583600174e-10     -45.67619230580744       1.450000000000002
50       0.34875903057122676      0.8055788176232597      2.8206798843648614e-10     -46.35085021803566       1.5000000000000022
50       0.350040847874351      0.8060996030352108      2.976761183002465e-10     -47.02683195508012       1.5500000000000025
50       0.35140107532773446      0.8066485656439443      3.0631385460182923e-10     -47.70412373170286       1.6000000000000023
50       0.352834888695918      0.8072234002725553      3.0673986481489413e-10     -48.38271280214397       1.6500000000000021
50       0.35433788732756144      0.8078220080591861      2.9792565605050284e-10     -49.062587366393664       1.7000000000000024
50       0.3559060491500877      0.8084424721333099      2.792088568364184e-10     -49.743736487696964       1.7500000000000027
50       0.35753569142108704      0.8090830365563285      2.5041958119065927e-10     -50.42615001974558       1.8000000000000025
50       0.35922343642533106      0.8097420880538783      2.118873584254695e-10     -51.10981854225649       1.8500000000000023
50       0.36096618139507197      0.810418140107249      1.645267371640557e-10     -51.794733303834114       1.9000000000000026
50       0.3627610720697586      0.811109819060298      1.098139379737322e-10     -52.48088617119056       1.9500000000000028
