50       0.007716227820256246      0.010705169903577219      -0.24981760958294288     -59.51906034683307       -1.0
50       0.00888841922360724      0.016407608163303375      -0.24944892770440186     -56.748093324793835       -0.95
50       1.3550489049015521e-08      7.127070483259346e-08      -0.24999999183774738     -55.18332936253424       -0.8999999999999999
50       1.3181864317249246      1.136729721145487      0.211965990241455     -51.27564356618861       -0.8499999999999999
50       1.0224857817911687e-06      4.2705605689650444e-07      -0.24999996898543614     -49.45155329135548       -0.7999999999999998
50       2.3472746007840038e-05      1.4694683906797764e-05      -0.2499993067473205     -46.65009180484853       -0.7499999999999998
50       0.027637227935045812      0.04862197523291574      -0.23352492383875315     -43.9667294049764       -0.6999999999999997
50       2.528659505315878      2.5285186002434727      -0.0002581190579185245     -43.325000301533365       -0.6499999999999997
50       2.435721861455404      2.4358058832274625      -0.00018316286498805238     -43.672760992494545       -0.5999999999999996
50       2.3883634632536146      2.3888461256488607      -0.0001516588966366977     -44.097985539994994       -0.5499999999999996
50       2.3557646248569166      2.357031930185383      -0.0001322424782453624     -44.582368442335515       -0.49999999999999956
50       2.3254117344873544      2.328148083090272      -0.00011645452688931532     -45.11620234547136       -0.4499999999999995
50       2.287083918003291      2.2923146298444697      -0.000101161237262693     -45.69336685500035       -0.39999999999999947
50       2.231035413822256      2.2400091256209573      -8.53528137990574e-05     -46.30965492428438       -0.3499999999999994
50       2.1537857634373734      2.167441578481399      -7.026300088311491e-05     -46.96195700827555       -0.2999999999999994
50       2.062299735720062      2.0807224570107605      -5.858428973647142e-05     -47.64778397812896       -0.24999999999999933
50       1.969746412584501      1.9922015544328513      -5.197698572747767e-05     -48.365004185546304       -0.1999999999999993
50       1.8864145100941556      1.9118699950173725      -5.024270390654541e-05     -49.1117424242632       -0.14999999999999925
50       1.8159943502517524      1.8435692615540624      -5.167143682580904e-05     -49.88635549464364       -0.0999999999999992
50       1.7577561395271428      1.7868647774750532      -5.4549423149046526e-05     -50.68741308516203       -0.049999999999999156
50       1.709429317189884      1.7397468229494657      -5.7437112542845966e-05     -51.51366644674374       8.881784197001252e-16
50       1.6687022626661208      1.700079377354891      -5.9487178262671905e-05     -52.36401531076116       0.05000000000000093
50       1.6337550840297064      1.6661418220684125      -6.020932369443304e-05     -53.23748048869731       0.10000000000000098
50       1.6032880379033678      1.6366808073935262      -5.92702876948795e-05     -54.13318288821809       0.15000000000000102
50       1.576402551826294      1.6108120593585196      -5.655872554608053e-05     -55.05032787172429       0.20000000000000107
50       1.5524833557029858      1.5879165392828485      -5.184472001477781e-05     -55.988193923614446       0.2500000000000011
50       1.5311121322060315      1.567563403160447      -4.4994764583105165e-05     -56.94612444971244       0.30000000000000115
50       1.5119919889432407      1.5494403551548765      -3.593243438090653e-05     -57.92352132176403       0.3500000000000012
50       1.4949031655341283      1.5333128469616206      -2.45401477719842e-05     -58.91983966989953       0.40000000000000124
50       1.479674664149556      1.5189964995848182      -1.0730243067051288e-05     -59.934583782236885       0.4500000000000013
50       1.4661718362005645      1.5063460059526554      5.851257668371396e-06     -60.96730352451375       0.5000000000000013
50       1.4542781655868164      1.4952365745093201      2.555530480073293e-05     -62.01759132200969       0.5500000000000014
50       1.4438992919433116      1.4855680449715203      4.888705573844966e-05     -63.085079094203174       0.6000000000000014
50       1.4349502765665951      1.4772511947657063      7.636444186910132e-05     -64.16943580645406       0.6500000000000015
50       1.4273573220064137      1.4702094628399356      0.00010870153358121239     -65.27036510946706       0.7000000000000015
50       1.4210568439747173      1.4643775646971386      0.0001466476573867045     -66.38760335142692       0.7500000000000016
50       1.415993374102722      1.4596993726570133      0.0001912110530999234     -67.52091743298553       0.8000000000000016
50       1.4121157623116318      1.4561225466348564      0.00024355273695673616     -68.67010339825065       0.8500000000000016
50       1.4093848407525202      1.4536077744128548      0.0003045516227084403     -69.83498477937948       0.9000000000000017
50       1.407765070370097      1.4521186893876166      0.0003755983141839584     -71.01541130601501       0.9500000000000017
50       1.4072295031074231      1.4516270248198015      0.00045776380506329844     -72.2112578821177       1.0000000000000018
50       1.407758370955292      1.4521114458297657      0.0005521403809163064     -73.42242355880084       1.0500000000000016
50       1.4093367157348538      1.453554683472583      0.0006587942798465743     -74.64883090187693       1.1000000000000019
50       1.4119504773129286      1.4559398326139643      0.0007769815604305497     -75.89042538567354       1.1500000000000021
50       1.4155929161687462      1.4592564474947285      0.0009043346695009565     -77.1471751378139       1.200000000000002
50       1.4202575692118196      1.4634934980195127      0.0010360833432229838     -78.41907085180641       1.2500000000000018
50       1.4259348136404315      1.4686366260210542      0.0011622222709187897     -79.70612583663979       1.300000000000002
50       1.4326076379894919      1.4746631003854365      0.0012665753662177502     -81.00837637068997       1.3500000000000023
50       1.4402390338693767      1.4815309461467205      0.001322954445902861     -82.32588240009274       1.4000000000000021
50       1.4487593791407436      1.4891658427700245      0.001290015847677287     -83.65872851700453       1.450000000000002
50       1.4580390991967371      1.497435652085146      0.001104174641944696     -85.00702527392212       1.5000000000000022
50       1.4678492904938931      1.5061114802964652      0.0006695821657318384     -86.37091133423158       1.5500000000000025
50       1.4778060145199547      1.514814729546696      -0.00015621120680415522     -87.7505564570331       1.6000000000000023
50       1.4872776017354739      1.5229230488273795      -0.0015850031559835728     -89.14616589300316       1.6500000000000021
50       1.4952641241349367      1.5294501264729314      -0.003925575903416156     -90.55798720448571       1.7000000000000024
50       1.5002586850002324      1.532896378348042      -0.007620007371002752     -91.98632152152238       1.7500000000000027
50       1.5001269063952163      1.531109667295035      -0.013270186548913996     -93.43154029378915       1.8000000000000025
50       1.4921071389983833      1.521258109528112      -0.021597736278915924     -94.89410434273047       1.8500000000000023
50       1.4731525496467661      1.5001767346998713      -0.03319814545940614     -96.37456329718941       1.9000000000000026
50       1.441076753708589      1.46562515245752      -0.047970146612096976     -97.87347694398433       1.9500000000000028
