50       2.9632690144866e-06      2.676734746126756e-06      0.24999998645315738     -36.0323041811012       -1.0
50       9.618126585194392e-07      2.749274431292958e-07      0.2499999676905444     -34.317159924254334       -0.95
50       2.435949563272569e-07      1.9070794296611596e-06      -0.24999995027770666     -33.3304154327552       -0.8999999999999999
50       0.0002462887113337148      0.0003412658551687962      -0.24999557410555442     -31.556768101567386       -0.8499999999999999
50       4.245206339592636e-07      5.151505208559561e-07      0.24999762525304361     -29.196051342265516       -0.7999999999999998
50       0.005394617652032163      0.001031968306974868      0.24972864632553862     -27.502221194502333       -0.7499999999999998
50       0.17335986833768371      0.035758103071207206      0.2324017795740136     -26.26427265631076       -0.6999999999999997
50       6.526537118302474e-08      7.006647211198558e-08      -0.24999998093497508     -24.891535242317037       -0.6499999999999997
50       7.54612493531218e-06      9.234806152893824e-06      -0.2499997664174112     -23.079661392830065       -0.5999999999999996
50       0.000502783029653894      0.0010086756218403983      -0.02772620079200128     -21.3162104537389       -0.5499999999999996
50       2.442033869303545      2.4419456601627947      -7.380921533423242e-05     -20.183080304376393       -0.49999999999999956
50       2.1650006845491503      2.164952366616285      -1.7381467237852106e-05     -20.357379962902936       -0.4499999999999995
50       0.7859822359502123      1.1591037067169667      -3.2952637065611365e-07     -20.7084028736001       -0.39999999999999947
50       0.40134813094738864      0.8766751152570194      -6.0055062276079825e-09     -21.26132975584159       -0.3499999999999994
50       0.31766448592559443      0.8234129296595333      -4.845308252082793e-10     -21.84396705331635       -0.2999999999999994
50       0.2730894107378359      0.7973807948674625      -7.163722266403004e-11     -22.43970484098343       -0.24999999999999933
50       0.24430353258529874      0.7816441086012033      -1.5218611970212894e-11     -23.04323171728874       -0.1999999999999993
50       0.22391652941213971      0.7710843836593266      -4.2466228555883195e-12     -23.651984753501978       -0.14999999999999925
50       0.20865821390528402      0.7635337541046677      -1.3748495842375658e-12     -24.26451749857371       -0.0999999999999992
50       0.19681000442831517      0.7578976260097278      -4.914268755721958e-13     -24.879932978733805       -0.049999999999999156
50       0.18736608984974784      0.7535584381899838      -1.7666069737879795e-13     -25.497637444336913       8.881784197001252e-16
50       0.17969216296779378      0.7501396739262738      -5.4826473286518183e-14     -26.117218256815633       0.05000000000000093
50       0.1733654689276964      0.747398135988903      -6.599176460858309e-15     -26.738377530625634       0.10000000000000098
50       0.16809193576824696      0.7451695256418521      1.1772668192188216e-14     -27.36089352436742       0.15000000000000102
50       0.16365988321747948      0.7433387688874484      1.8656603858806465e-14     -27.984596943008196       0.20000000000000107
50       0.15991259591569795      0.7418228380630821      2.0165801797128227e-14     -28.60935574888392       0.2500000000000011
50       0.15673128534309413      0.7405603139549668      1.9522923198010912e-14     -29.235065070420376       0.30000000000000115
50       0.15402408497319708      0.7395047844314684      1.8192609620840408e-14     -29.861640291061118       0.3500000000000012
50       0.15171870619756697      0.7386205261213613      1.6852861184979468e-14     -30.489012191278363       0.40000000000000124
50       0.14975739865707924      0.7378795967660142      1.57367254310846e-14     -31.117123455615637       0.4500000000000013
50       0.14809340732577597      0.7372598277838543      1.5037289120570438e-14     -31.745926110838383       0.5000000000000013
50       0.14668842849204058      0.7367434076110084      1.4811175333318934e-14     -32.37537961367284       0.5500000000000014
50       0.1455107484335628      0.7363158623858236      1.5097119971606082e-14     -33.005449400861664       0.6000000000000014
50       0.14453385862413126      0.7359653097508024      1.5847962545089e-14     -33.636105774185005       0.6500000000000015
50       0.1437354099014787      0.7356819040603739      1.706744952135565e-14     -34.26732303210319       0.7000000000000015
50       0.14309641186100092      0.7354574180849529      1.8689970195535255e-14     -34.899078785624276       0.7500000000000016
50       0.14260061240429647      0.7352849235981509      2.0690128172141292e-14     -35.531353413619236       0.8000000000000016
50       0.14223401149381576      0.7351585446296143      2.2987743482709703e-14     -36.16412962496627       0.8500000000000016
50       0.14198447616450588      0.7350732648190835      2.5579961241169307e-14     -36.79739210346085       0.9000000000000017
50       0.14184143282445819      0.735024775533374      2.8367141318294723e-14     -37.431127217469545       0.9500000000000017
50       0.1417956191897682      0.7350093550382789      3.133658309433099e-14     -38.06532278075241       1.0000000000000018
50       0.14183888268472675      0.7350237715695122      3.4335079884794915e-14     -38.69996785403507       1.0500000000000016
50       0.14196401538117814      0.735065204970848      3.741193184649359e-14     -39.33505257933283       1.1000000000000019
50       0.14216461791718282      0.7351311828839656      4.042938869891238e-14     -39.970568040763006       1.1500000000000021
50       0.14243498657918852      0.7352195284353358      4.3410539484820804e-14     -40.60650614697018       1.200000000000002
50       0.14277001903956055      0.7353283170781538      4.61233966097741e-14     -41.2428595312587       1.2500000000000018
50       0.14316513522117819      0.7354558407749012      4.8586235779166146e-14     -41.879621466355765       1.300000000000002
50       0.14361621050635617      0.7356005781060286      5.0788991746123434e-14     -42.51678579131996       1.3500000000000023
50       0.14411951908496665      0.7357611691935332      5.2604064534139087e-14     -43.15434684859595       1.4000000000000021
50       0.1446716856738427      0.7359363945589958      5.3971241937680954e-14     -43.792299429550496       1.450000000000002
50       0.14526964418768312      0.7361251572150997      5.4871193183173045e-14     -44.43063872721746       1.5000000000000022
50       0.14591060221258464      0.736326467429462      5.526078658434182e-14     -45.069360295080976       1.5500000000000025
50       0.1465920103439277      0.7365394297062822      5.511611648250582e-14     -45.70846001105902       1.6000000000000023
50       0.14731153562438626      0.7367632316196938      5.4459151714578036e-14     -46.3479340458732       1.6500000000000021
50       0.14806703844976374      0.736997134198301      5.319962437092576e-14     -46.98777883523187       1.7000000000000024
50       0.14885655242136434      0.7372404636154467      5.138562697238925e-14     -47.62799105524448       1.7500000000000027
50       0.14967826671303064      0.7374926039838139      4.9022409308542815e-14     -48.268567600675894       1.8000000000000025
50       0.15053051058878214      0.7377529910859076      4.619324215193938e-14     -48.90950556562236       1.8500000000000023
50       0.15141173977126368      0.7380211069031147      4.2789701154842285e-14     -49.5508022263165       1.9000000000000026
50       0.15232052440337465      0.7382964748258746      3.8887043271557227e-14     -50.19245502578285       1.9500000000000028
