50       2.316562619424401e-06      3.2839503188896275e-06      0.2499999474052773     -42.51815322074566       -1.0
50       0.0016111631335350952      0.013569997405245676      -0.24915587387469137     -41.50217158552366       -0.95
50       0.11663216822487715      0.027739913978436025      0.24013048743277515     -39.42112923626559       -0.8999999999999999
50       1.513641961130691e-08      1.6197920152050237e-08      -0.24999999988604293     -38.157972211290605       -0.8499999999999999
50       7.32138778819117e-08      7.130301242483885e-08      -0.2499999999524616     -36.00124119745266       -0.7999999999999998
50       0.01092682919337968      0.012887940227167645      -0.24988959393156202     -33.22939898157477       -0.7499999999999998
50       0.12947652587845104      0.0889104053824324      0.24572474023186522     -31.195849925882225       -0.6999999999999997
50       0.0004486415837013713      0.00044923530663802837      -0.2499996391958025     -29.602909898206565       -0.6499999999999997
50       0.0014614684999445314      0.002815546221982796      -0.24740053813177962     -27.535312450056313       -0.5999999999999996
50       2.4184261705685417      2.4183399988829484      -0.00016802432823905325     -26.497165088452288       -0.5499999999999996
50       2.290250655422717      2.2901689859578944      -0.00011236344449200967     -26.68909865079942       -0.49999999999999956
50       2.230954037056175      2.2308977877508784      -8.62551053481255e-05     -26.953732668564474       -0.4499999999999995
50       2.1910799238777594      2.1912225415060083      -6.61406010941221e-05     -27.27185858106451       -0.39999999999999947
50       2.15665233732576      2.1581568010627272      -4.814513232309431e-05     -27.63515648831768       -0.3499999999999994
50       2.09850337788895      2.1092574247004787      -3.0233911932917967e-05     -28.03999030233982       -0.2999999999999994
50       1.8579665559568652      1.9130956411615505      -1.0386814703546777e-05     -28.487051588610296       -0.24999999999999933
50       1.440603960620428      1.5619158066512095      -7.290996300851076e-07     -28.977465092919296       -0.1999999999999993
50       1.186943451025046      1.347846058525025      6.38262966865315e-07     -29.5031913486589       -0.14999999999999925
50       1.05223081120463      1.2358476935400398      6.23938731121103e-07     -30.055820933895596       -0.0999999999999992
50       0.9692227528641026      1.1681587192877565      4.6585001171334954e-07     -30.630238583203667       -0.049999999999999156
50       0.9117454809774983      1.122187399694534      3.067573487089773e-07     -31.222989991301848       8.881784197001252e-16
50       0.8689985632385314      1.0886109531647616      1.658939330660182e-07     -31.831506655668644       0.05000000000000093
50       0.8357818355027277      1.0629483484734776      4.7390814676251244e-08     -32.45379330936919       0.10000000000000098
50       0.8092368415984574      1.0427460337005325      -4.8497365934381435e-08     -33.088265157795156       0.15000000000000102
50       0.7876247923758465      1.0265208856846808      -1.2469695053284587e-07     -33.73364544818544       0.20000000000000107
50       0.7698049353769788      1.013307935755659      -1.8547479275739306e-07     -34.38889424632019       0.2500000000000011
50       0.754985394633769      1.002443803641052      -2.344743837593301e-07     -35.05315643040908       0.30000000000000115
50       0.7425927042238185      0.9934531295512266      -2.749057575272993e-07     -35.72572273297641       0.3500000000000012
50       0.7321977632439972      0.9859840921997193      -3.0989044374770303e-07     -36.406000102469285       0.40000000000000124
50       0.723471187535209      0.9797695875004293      -3.4160237896107835e-07     -37.09348890116431       0.4500000000000013
50       0.7161548491758163      0.9746025522759335      -3.7212240028366487e-07     -37.7877651994793       0.5000000000000013
50       0.7100430048837684      0.9703196747808193      -4.0300124084689503e-07     -38.488466912506865       0.5500000000000014
50       0.7049693212722601      0.9667902588008366      -4.3570028903149137e-07     -39.195282859592055       0.6000000000000014
50       0.7007976606492367      0.9639083615264892      -4.7122810291789314e-07     -39.90794406560244       0.6500000000000015
50       0.6974154240833872      0.9615871559751026      -5.107571143080098e-07     -40.62621679479505       0.7000000000000015
50       0.6947285992213051      0.9597547654676993      -5.550208681121614e-07     -41.349896933616954       0.7500000000000016
50       0.6926580361143511      0.9583511551180142      -6.046240544316218e-07     -42.07880543109919       0.8000000000000016
50       0.6911365976282523      0.9573257719002154      -6.598620315532836e-07     -42.81278457442748       0.8500000000000016
50       0.6901069507853383      0.9566357288509575      -7.202846576939917e-07     -43.55169492821185       0.9000000000000017
50       0.689519819495929      0.9562443781914588      -7.854633922134333e-07     -44.29541280499697       0.9500000000000017
50       0.6893326140751901      0.9561202020849877      -8.540401438575467e-07     -45.043828163461235       1.0000000000000018
50       0.6895083154748817      0.9562359136287093      -9.232756960055026e-07     -45.796842853105744       1.0500000000000016
50       0.6900146009451067      0.9565677600671407      -9.895979084630755e-07     -46.55436914145682       1.1000000000000019
50       0.6908230948632249      0.9570949251396341      -1.047795791840692e-06     -47.3163284727772       1.1500000000000021
50       0.6919087847421673      0.9577990695468579      -1.090853013532573e-06     -48.082650417781       1.200000000000002
50       0.6932495197886844      0.9586639356707262      -1.1100685738850183e-06     -48.853271781659096       1.2500000000000018
50       0.6948256033665713      0.9596750291280286      -1.0935496621528163e-06     -49.62813584408274       1.300000000000002
50       0.6966194417073471      0.9608193435001819      -1.0276721089327488e-06     -50.40719171003735       1.3500000000000023
50       0.6986152609326342      0.9620851408556379      -8.967504090261325e-07     -51.190393753667465       1.4000000000000021
50       0.7007988559092068      0.963461755168473      -6.832600404059611e-07     -51.97770114155497       1.450000000000002
50       0.7031573805005338      0.9649394283943654      -3.6904177822701237e-07     -52.76907742331346       1.5000000000000022
50       0.7056791668630173      0.9665091685744864      6.366336965470375e-08     -53.564490180075886       1.5500000000000025
50       0.7083535715325826      0.9681626275880583      6.291741325614266e-07     -54.363910723086825       1.6000000000000023
50       0.7111708339625562      0.9698919872904386      1.3380871332087675e-06     -55.167313835691324       1.6500000000000021
50       0.7141219672144152      0.9716898708458868      2.191060468861582e-06     -55.97467755347962       1.7000000000000024
50       0.7171986480453894      0.9735492501839598      3.1772868872900986e-06     -56.785982978274475       1.7500000000000027
50       0.7203931273592349      0.9754633687689778      4.26882363472811e-06     -57.60121412216824       1.8000000000000025
50       0.7236981479755152      0.9774256677879426      5.4170545280066395e-06     -58.42035777882857       1.8500000000000023
50       0.7271068719145242      0.97942971773886      6.54771909001698e-06     -59.24340341970347       1.9000000000000026
50       0.7306128146499161      0.9814691527016083      7.558792687814123e-06     -60.07034311333968       1.9500000000000028
