50       6.1241731601649485e-09      1.258999674168399e-09      -0.24999999989263938     -49.30515908284173       -1.0
50       0.0036707485350009643      0.020568296006932035      -0.24871327823513573     -45.8218359114391       -0.95
50       6.300059114998948e-08      1.7599340108724964e-08      -0.24999999887247032     -44.53959571384703       -0.8999999999999999
50       0.12414472155976743      0.2544377169514528      -0.2329471087238934     -41.27805554259797       -0.8499999999999999
50       0.10330111089981431      0.23784157448885845      -0.23180034126218924     -39.02700309389963       -0.7999999999999998
50       1.6986242916734513e-07      4.364865257257402e-08      -0.2499999961719227     -37.45714983198689       -0.7499999999999998
50       2.497787743466095e-05      1.0986014178915977e-05      -0.24999948806943503     -35.13373657167626       -0.6999999999999997
50       8.615574698902156e-05      8.282424864894997e-05      -0.24999979683721343     -32.85696018551648       -0.6499999999999997
50       2.5321327728526932      2.532041762557647      -0.0002592026781709178     -31.15527580713222       -0.5999999999999996
50       2.3701337234296544      2.370054980184167      -0.00015868432752250705     -31.357557230660856       -0.5499999999999996
50       2.3066297508022453      2.306580866399473      -0.00012672446096035     -31.640944714092225       -0.49999999999999956
50       2.26772445540438      2.26775422513866      -0.00010645657046170398     -31.980529220790576       -0.4499999999999995
50       2.2386450753450697      2.238950936995133      -8.990778406660391e-05     -32.36535426837454       -0.39999999999999947
50       2.211529305257793      2.2129195240962733      -7.465763004668575e-05     -32.78918850375504       -0.3499999999999994
50       2.1728092741637677      2.178108634963269      -5.88385540284955e-05     -33.248226408604936       -0.2999999999999994
50       2.0886534873706646      2.1051372546664817      -4.113573093415822e-05     -33.740324368122906       -0.24999999999999933
50       1.9216815349705085      1.9594411335724218      -2.4586497142525797e-05     -34.264344687751205       -0.1999999999999993
50       1.7111083845618573      1.77346531532314      -1.483238462398203e-05     -34.818698578196106       -0.14999999999999925
50       1.5316206128167889      1.6140188934015434      -1.1553434411982468e-05     -35.40060512897471       -0.0999999999999992
50       1.401283713696484      1.498231402753774      -1.1308519538915963e-05     -36.00706530049055       -0.049999999999999156
50       1.3080039445839298      1.4156527467458027      -1.1998388183071837e-05     -36.63554018628823       8.881784197001252e-16
50       1.2390590511224302      1.3549446718527949      -1.2725997316437448e-05     -37.283957546601954       0.05000000000000093
50       1.186192192681159      1.3086853827424947      -1.3289187155304047e-05     -37.95059215757327       0.10000000000000098
50       1.1444184536161877      1.2723729544966234      -1.365671548091158e-05     -38.633980685253164       0.15000000000000102
50       1.1106674050817504      1.2432257327723533      -1.3860836077253218e-05     -39.33286884831112       0.20000000000000107
50       1.0829587668514626      1.2194464212562799      -1.3956123466794145e-05     -40.04617566602912       0.2500000000000011
50       1.059956911238187      1.1998227291499997      -1.3990505475023317e-05     -40.772966567836       0.30000000000000115
50       1.0407210508516116      1.1835019182963527      -1.4007791821380473e-05     -41.51243167700799       0.3500000000000012
50       1.024563863286245      1.1698627430357122      -1.4051281892766369e-05     -42.26386765442565       0.40000000000000124
50       1.0109679515869838      1.158439382735881      -1.4154159308925268e-05     -43.02666234978689       0.4500000000000013
50       0.9995336246229699      1.1488736144980047      -1.434058033981201e-05     -43.80028175983198       0.5000000000000013
50       0.9899463373300693      1.140884986896269      -1.464243205492374e-05     -44.58425897087804       0.5500000000000014
50       0.9819541757436966      1.1342500617408837      -1.5102196611938326e-05     -45.378184788429344       0.6000000000000014
50       0.9753524724627245      1.128788254572627      -1.574916571254065e-05     -46.18169980190268       0.6500000000000015
50       0.9699733056517863      1.1243521694537022      -1.662902891215768e-05     -46.99448767528926       0.7000000000000015
50       0.9656772461913853      1.1208199905899212      -1.780218091485325e-05     -47.81626947176076       0.7500000000000016
50       0.9623478244305982      1.118090402157986      -1.9342609495552765e-05     -48.646798851173685       0.8000000000000016
50       0.959886807479911      1.116078273066133      -2.1339331733640002e-05     -49.48585799720152       0.8500000000000016
50       0.9582108912742183      1.1147116308886744      -2.3900630520763688e-05     -50.33325416505685       0.9000000000000017
50       0.9572490824538243      1.1139292887065184      -2.716325111802267e-05     -51.18881674844521       0.9500000000000017
50       0.9569405488757226      1.1136788917825338      -3.128381581473628e-05     -52.05239478254916       1.0000000000000018
50       0.957232878352312      1.113915344723871      -3.646160836735929e-05     -52.92385482088447       1.0500000000000016
50       0.9580807887647397      1.1145996600425057      -4.291396125649128e-05     -53.80307912047518       1.1000000000000019
50       0.9594448993934053      1.1156978439870398      -5.087776796937422e-05     -54.689964099493835       1.1500000000000021
50       0.9612908655170148      1.1171801291878378      -6.0629277225119514e-05     -55.58441902023556       1.200000000000002
50       0.9635886016568318      1.1190202786062295      -7.244259313218316e-05     -56.486364866589       1.2500000000000018
50       0.9663115587619915      1.121194934467899      -8.655251217513783e-05     -57.39573339582431       1.300000000000002
50       0.9694359769777836      1.123682940278807      -0.00010316090562699815     -58.312466334433275       1.3500000000000023
50       0.9729407326249282      1.1264652095238739      -0.00012229644632522687     -59.23651470692385       1.4000000000000021
50       0.9768065963355618      1.1295240408160048      -0.0001438720406407383     -60.167838280603654       1.450000000000002
50       0.9810158353932957      1.1328427483534838      -0.00016738251930128193     -61.10640511967344       1.5000000000000022
50       0.985551711286686      1.1364051802512989      -0.00019197352151975407     -62.05219122926081       1.5500000000000025
50       0.9903982432576869      1.1401954841437996      -0.00021617738061066542     -63.00518029762576       1.6000000000000023
50       0.9955395320557184      1.1441974261967371      -0.00023769791814674552     -63.96536353307939       1.6500000000000021
50       1.000959391522869      1.1483940105895718      -0.0002531330226885944     -64.93273957505734       1.7000000000000024
50       1.0066407953964709      1.1527668903545198      -0.00025786591182276635     -65.90731451114064       1.7500000000000027
50       1.0125652763025133      1.1572957015705434      -0.000245893361775107     -66.88910198582815       1.8000000000000025
50       1.0187121255592457      1.1619571753050482      -0.00020970705153293493     -67.87812341690268       1.8500000000000023
50       1.0250575927525387      1.1667241970332491      -0.0001404341276600962     -68.87440833498549       1.9000000000000026
50       1.0315738096415121      1.1715645409999995      -2.824233169612531e-05     -69.87799486467824       1.9500000000000028
