50       6.867569073634351e-09      6.9463780218245115e-09      -0.24999999993772112     -56.30903287740836       -1.0
50       0.009988492940506754      0.03304616393100975      -0.24807534597651396     -52.359492136878174       -0.95
50       0.8915767233374629      0.499640797811563      0.16270873011402018     -49.79525467448793       -0.8999999999999999
50       0.00013607652742750583      0.0001958663993903148      -0.24999741126580724     -47.25597247855621       -0.8499999999999999
50       1.1199548769058605      0.6990328719954678      -0.13674286055575027     -46.40568340740014       -0.7999999999999998
50       1.9248303766945465e-06      3.1010701754594707e-06      -0.24999952935408187     -42.94249712035254       -0.7499999999999998
50       0.00041242535130553513      0.0004393755562877148      -0.24998479496880913     -40.37333388117288       -0.6999999999999997
50       2.612786922156015      2.6126450312934026      -0.00034669192563082133     -38.34929190373904       -0.6499999999999997
50       2.4406241524334225      2.440553459222611      -0.000197446035126816     -38.60241866335244       -0.5999999999999996
50       2.3766611864682035      2.3767202248403487      -0.00015582280597965307     -38.945785987144255       -0.5499999999999996
50       2.3388065667796014      2.339085559842219      -0.00013356088756442808     -39.3513767043905       -0.49999999999999956
50       2.311427171971255      2.31217201691222      -0.00011751856036696275     -39.80686909243103       -0.4499999999999995
50       2.2860718640522046      2.2879051980688025      -0.00010373689533505033     -40.3050565028036       -0.39999999999999947
50       2.253107578630501      2.2573970998226214      -8.994238410414693e-05     -40.84122075951869       -0.3499999999999994
50       2.200003165983129      2.209052143895989      -7.450681864871785e-05     -41.412094374524386       -0.2999999999999994
50       2.1169539737189407      2.13339720961272      -5.7723550926388686e-05     -42.01528470494764       -0.24999999999999933
50       2.0084519724319225      2.0338710518568766      -4.1463090174737786e-05     -42.6488308849129       -0.1999999999999993
50       1.8930351917084527      1.9272360039555896      -2.7705263650173623e-05     -43.310904139978746       -0.14999999999999925
50       1.7876808785581253      1.8293678998411809      -1.6427435289152224e-05     -43.99974603169104       -0.0999999999999992
50       1.6990587368069394      1.7467760092917652      -6.680989545042254e-06     -44.7137341819901       -0.049999999999999156
50       1.626558053668593      1.6791191546322242      2.4048155649226907e-06     -45.451422916930525       8.881784197001252e-16
50       1.5672206278192222      1.6237527253894002      1.1460757733241675e-05     -46.211536322534435       0.05000000000000093
50       1.5180799314826414      1.5779475457085868      2.087264863595525e-05     -46.992941968213835       0.10000000000000098
50       1.476808629007264      1.539534392930724      3.074173199012561e-05     -47.79462649044536       0.15000000000000102
50       1.441721248227744      1.5069291895331371      4.115397538258226e-05     -48.61567729518448       0.20000000000000107
50       1.4116161470380248      1.4789965405041885      5.210121072167379e-05     -49.45526960622577       0.2500000000000011
50       1.3856321899315502      1.4549208407653236      6.370117716050625e-05     -50.31265693602675       0.30000000000000115
50       1.3631264503480875      1.434092383524414      7.602046356619985e-05     -51.187163616503604       0.3500000000000012
50       1.3436099029835293      1.4160483140077806      8.915088396461833e-05     -52.07817863934573       0.40000000000000124
50       1.3267014578775813      1.4004287405518885      0.00010333920113778612     -52.98515019065968       0.4500000000000013
50       1.312093553101262      1.3869441001774925      0.00011884053422280504     -53.90758072003075       0.5000000000000013
50       1.2995373508184653      1.3753608881551223      0.0001360380537572679     -54.845022408950776       0.5500000000000014
50       1.2888228172475147      1.3654825154173706      0.00015526366777606203     -55.79707299848119       0.6000000000000014
50       1.279775744576614      1.35714634375455      0.00017716840283895304     -56.763371907321975       0.6500000000000015
50       1.2722475850001973      1.3502138192258033      0.00020228649833442405     -57.74359673338899       0.7000000000000015
50       1.2661132912448072      1.3445684647801004      0.00023143249517430705     -58.73746006854254       0.7500000000000016
50       1.2612650552671907      1.3401097532903494      0.0002655972939667364     -59.74470656104929       0.8000000000000016
50       1.2576117169878502      1.3367525302754766      0.00030570501764553084     -60.765110399031904       0.8500000000000016
50       1.2550760607732003      1.3344244426982221      0.0003532048606990261     -61.798473009349536       0.9000000000000017
50       1.2535936483402692      1.3330647574217387      0.00040993886115370086     -62.84462100876754       0.9500000000000017
50       1.2531092308071372      1.3326208322476458      0.0004780930513969532     -63.90340446364136       1.0000000000000018
50       1.253579552838871      1.3330510206022443      0.0005601761852959925     -64.97469532765942       1.0500000000000016
50       1.2549679262320677      1.3343191354169215      0.0006592277300312631     -66.05838615868524       1.1000000000000019
50       1.2572438314283816      1.336394201585767      0.0007786597337937501     -67.15438898509643       1.1500000000000021
50       1.2603853188832081      1.339252653569491      0.0009227104164392577     -68.26263439814296       1.200000000000002
50       1.264373764447171      1.3428732116967468      0.0010959220679932135     -69.38307086558218       1.2500000000000018
50       1.269197055461796      1.347239898531695      0.0013031071468349326     -70.51566413510787       1.300000000000002
50       1.2748438877985866      1.352336415449402      0.0015489682206737323     -71.66039691893279       1.3500000000000023
50       1.2813047577909786      1.3581470309635113      0.0018371794509370422     -72.8172686978358       1.4000000000000021
50       1.2885683107230066      1.3646530027249861      0.0021693936916261105     -73.98629578733527       1.450000000000002
50       1.296618715964058      1.3718299923123627      0.0025436589630543067     -75.1675115540773       1.5000000000000022
50       1.3054295140656418      1.379641797146431      0.0029511473114808917     -76.36096697630715       1.5500000000000025
50       1.3149568695707436      1.3880341945106416      0.0033724797797648727     -77.56673147230929       1.6000000000000023
50       1.325126560918838      1.3969220172995398      0.0037708615630697205     -78.78489418484943       1.6500000000000021
50       1.335812603867856      1.4061686679092427      0.004084253806050087     -80.01556575008134       1.7000000000000024
50       1.3468032731889898      1.415552296681648      0.004211278783026049     -81.2588807924796       1.7500000000000027
50       1.3577350846197795      1.4247006278565353      0.003992880238010144     -82.51500171219861       1.8000000000000025
50       1.367993604060159      1.4329901365901168      0.003184668976449554     -83.78412380525846       1.8500000000000023
50       1.3765682291782952      1.4393937249206812      0.001413926797332596     -85.06648364105898       1.9000000000000026
50       1.381877817587995      1.4422846178138795      -0.0018817278306090565     -86.36237262670832       1.9500000000000028
