50       2.5773474770569e-10      1.4907985852360958e-09      -0.24999999985546884     -65.69438551124617       -1.0
50       0.24705592122846975      0.1318409423919265      0.23534310016163876     -61.15628983038371       -0.95
50       5.923325253942546e-08      5.7667153480021044e-08      -0.24999999980409898     -59.470389420362395       -0.8999999999999999
50       1.9898594628290986e-06      5.528266669559171e-06      -0.2499991248440169     -56.393578864980896       -0.8499999999999999
50       1.957293002464401e-05      4.3459372182840555e-05      -0.24999239133681947     -53.358346705020416       -0.7999999999999998
50       0.007267549276497022      0.006458122252273618      -0.24995723853412452     -50.40339021625877       -0.7499999999999998
50       2.6937296252860894      2.6933929824466407      -0.00044085503950652325     -48.03185034062556       -0.6999999999999997
50       2.5048251710540423      2.504829015034012      -0.00022364914150429504     -48.35713709285145       -0.6499999999999997
50       2.4380799889227864      2.43871080932696      -0.00017205900345263666     -48.788114044832696       -0.5999999999999996
50       2.395119236592142      2.396998226056968      -0.00014539667415108993     -49.2918168850976       -0.5499999999999996
50       2.353775837783164      2.357729889300812      -0.00012574139750360015     -49.85407244477859       -0.49999999999999956
50       2.300885418633759      2.3077883077272694      -0.00010723433969122859     -50.46663439617975       -0.4499999999999995
50       2.230037755660603      2.2404175358564196      -8.979625181390619e-05     -51.12402493115729       -0.39999999999999947
50       2.145060329377      2.1586583260942236      -7.617535178751644e-05     -51.82225844342866       -0.3499999999999994
50       2.057609895425419      2.0733770298154552      -6.947868846733871e-05     -52.55820069549844       -0.2999999999999994
50       1.9785038699777215      1.9950905064778297      -7.08994487907437e-05     -53.32926649748969       -0.24999999999999933
50       1.91263639275851      1.9288739205663399      -7.954417875825021e-05     -54.13328571749518       -0.1999999999999993
50       1.8598281377916734      1.874923189251812      -9.38041379158117e-05     -54.96842371887284       -0.14999999999999925
50       1.8176733049926586      1.8311852993925948      -0.00011191341450501536     -55.833117820605935       -0.0999999999999992
50       1.7834884066085095      1.7952371110221523      -0.00013264727929661525     -56.72602228918389       -0.049999999999999156
50       1.7550571363067935      1.7650314691111402      -0.00015512663450498456     -57.64596455407363       8.881784197001252e-16
50       1.7307633467898615      1.7390534226066867      -0.00017861109420732983     -58.591911095141       0.05000000000000093
50       1.709467150266773      1.7162180243293463      -0.0002026741519937736     -59.56294217211163       0.10000000000000098
50       1.6904226955345307      1.6958050830767175      -0.0002272288661236987     -60.55823330290272       0.15000000000000102
50       1.6731307765337078      1.6773216904372945      -0.0002521186281320368     -61.577041115108116       0.20000000000000107
50       1.6572853947302124      1.66045622624385      -0.0002771987373730005     -62.61869249663538       0.2500000000000011
50       1.6427009425061705      1.6450104826064076      -0.0003025956332346641     -63.68257660754878       0.30000000000000115
50       1.6292532492698373      1.6308457689605427      -0.00032828181649005925     -64.76813805618008       0.3500000000000012
50       1.6168790334420209      1.6178807704436213      -0.0003542205758522388     -65.87487192040112       0.40000000000000124
50       1.6055397976570442      1.606060219876488      -0.0003808530116808111     -67.00231962236212       0.4500000000000013
50       1.595209981294628      1.595341352894108      -0.00040836995572849705     -68.15006523442415       0.5000000000000013
50       1.5858788049558565      1.585698694093646      -0.0004367425725353995     -69.31773266667274       0.5500000000000014
50       1.577534046676417      1.5771066617029477      -0.0004662994417141719     -70.50498342293814       0.6000000000000014
50       1.5701742351344303      1.5695525719942314      -0.0004972650627364717     -71.71151426259912       0.6500000000000015
50       1.5637968810674083      1.5630253784618355      -0.00053025717320472     -72.93705557925588       0.7000000000000015
50       1.5584040870282645      1.5575177876163104      -0.0005656797201989692     -74.18136981813146       0.7500000000000016
50       1.553985475315341      1.5530136232991683      -0.0006044528426703974     -75.44424983207156       0.8000000000000016
50       1.550544165012219      1.5495113617113778      -0.0006473650686657023     -76.72551805801528       0.8500000000000016
50       1.5480784922214497      1.5470047997186613      -0.0006960883553930881     -78.02502557558928       0.9000000000000017
50       1.5465977890675695      1.5455012035859708      -0.0007527741302743574     -79.34265140294066       0.9500000000000017
50       1.5461031968559222      1.544999106280164      -0.0008211404319064238     -80.67830189739709       1.0000000000000018
50       1.546599103076669      1.5455022439134467      -0.0009058033770825548     -82.03191044518026       1.0500000000000016
50       1.5480960774702002      1.5470202546323102      -0.0010145910538374501     -83.40343750999632       1.1000000000000019
50       1.5505956947146724      1.5495547324378938      -0.0011578606449804663     -84.7928706422273       1.1500000000000021
50       1.5540937196781683      1.5531030634973209      -0.001351888637152871     -86.20022478641295       1.200000000000002
50       1.5585734925886128      1.5576510842641884      -0.0016206337074215428     -87.62554301062495       1.2500000000000018
50       1.563990637819412      1.5631596613296066      -0.0019975726482928274     -89.06889739007406       1.300000000000002
50       1.5702574559112763      1.5695482205845954      -0.002532444530124235     -90.5303901576204       1.3500000000000023
50       1.577207810523717      1.5766640014322484      -0.0032968706741276863     -92.01015540376768       1.4000000000000021
50       1.5845604398797943      1.5842444104973064      -0.004392977566805628     -93.50836110855143       1.450000000000002
50       1.591846575614066      1.5918490949997819      -0.005966954076476761     -95.02521245805401       1.5000000000000022
50       1.5983106248927272      1.5987614330542086      -0.00822467018233287     -96.56095605817254       1.5500000000000025
50       1.6027881662516308      1.6038654271373642      -0.011452079332814544     -98.11588645551701       1.6000000000000023
50       1.6035372257923466      1.6054723298081046      -0.016028585749604585     -99.6903552992494       1.6500000000000021
50       1.598087488310276      1.6011472800265045      -0.022415618382354015     -101.28478159380072       1.7000000000000024
50       1.5832505213056716      1.587685775881064      -0.031063389270962416     -102.89965362013695       1.7500000000000027
50       1.555735624906865      1.561687461072857      -0.04217129002104301     -104.53549540121486       1.8000000000000025
50       1.5139960565737378      1.5213963358597455      -0.05533111403177111     -106.19275669824226       1.8500000000000023
50       1.4607052494268284      1.469254618449996      -0.06939145612050272     -107.87161445054838       1.9000000000000026
50       1.4028875316733531      1.412161400701955      -0.08292486884134723     -109.57179180502698       1.9500000000000028
