50       3.079123771075848e-08      5.126972172394704e-09      -0.2499999993895095     -46.979387095588436       -1.0
50       2.4325803937781356e-09      3.484092956474273e-10      -0.24999999995604175     -44.70081134977685       -0.95
50       1.906523203445244e-08      5.432500187442931e-08      -0.24999999136098627     -42.426777979318665       -0.8999999999999999
50       6.633522176614018e-06      4.083228122060779e-05      -0.24999872515239197     -39.3066792743445       -0.8499999999999999
50       6.263511790626373e-10      5.570529057036108e-10      -0.24999999998631192     -37.89836970697649       -0.7999999999999998
50       0.11506803761560468      0.07147171842373874      0.2452529924211889     -35.00542763626223       -0.7499999999999998
50       2.5539089406434452e-06      2.5837157990274207e-06      -0.2499998765302025     -33.41802969772118       -0.6999999999999997
50       0.00013634292594720304      0.00017659491994532773      -0.24999652150199306     -31.21819717033376       -0.6499999999999997
50       0.006090229429750325      0.008949323193609901      -0.24050415778391557     -29.10095218931412       -0.5999999999999996
50       2.38101090397062      2.3809269460433713      -0.00016070700892050575     -28.89617353219437       -0.5499999999999996
50       2.2968271480975013      2.296754537252753      -0.00012095120085354269     -29.13594687984652       -0.49999999999999956
50       2.250040736403845      2.2500133055854468      -9.814424488164593e-05     -29.43772799528298       -0.4499999999999995
50       2.2165884999201673      2.2167713532341065      -7.988598690182628e-05     -29.787685453125086       -0.39999999999999947
50       2.1869344134617377      2.188163063265976      -6.340436918775257e-05     -30.17870538628321       -0.3499999999999994
50       2.1448248832868173      2.1509070631699463      -4.6852857019479856e-05     -30.60685126848059       -0.2999999999999994
50       2.0311568339087134      2.05514999061822      -2.881880053679806e-05     -31.070537425895772       -0.24999999999999933
50       1.777368665538676      1.837983849193523      -1.4362249444160378e-05     -31.569621037386224       -0.1999999999999993
50       1.5062510974739598      1.6029041939678195      -8.234038810993716e-06     -32.10181034618945       -0.14999999999999925
50       1.3214681173438831      1.4426604393557099      -6.093078097311398e-06     -32.66226721415684       -0.0999999999999992
50       1.203413883126129      1.341036828849101      -4.764111060401799e-06     -33.24670249045438       -0.049999999999999156
50       1.1232684021989174      1.2727538006342136      -3.5821127508533652e-06     -33.851953354084074       8.881784197001252e-16
50       1.065151196197931      1.2237855989434103      -2.491953187633285e-06     -34.47559425629835       0.05000000000000093
50       1.0208882837127655      1.1868970085317883      -1.533293279019893e-06     -35.11568003160862       0.10000000000000098
50       0.9860139161217588      1.1581330352947452      -7.156837789565021e-07     -35.77061274735855       0.15000000000000102
50       0.9578905936976342      1.135160091862827      -3.500635127216774e-08     -36.43906302484113       0.20000000000000107
50       0.9348477381201145      1.1165040319945838      5.318203643391595e-07     -37.1199162806305       0.2500000000000011
50       0.9157621197811524      1.101177792687335      1.0085354870277855e-06     -37.81223251817506       0.30000000000000115
50       0.8998414110958586      1.0884888304435483      1.4188012255981215e-06     -38.51521487617421       0.3500000000000012
50       0.8865053627329655      1.077933175417843      1.7833846522613835e-06     -39.2281845182694       0.40000000000000124
50       0.8753159366210839      1.0691329806192988      2.118916715478414e-06     -39.950560398210484       0.4500000000000013
50       0.8659342689977393      1.0617980418815052      2.4457100380953517e-06     -40.681842868037926       0.5000000000000013
50       0.8580931974287322      1.0557012271470338      2.7730879119805085e-06     -41.42160035188235       0.5500000000000014
50       0.851578307660226      1.0506615342113352      3.114511963137554e-06     -42.16945847658386       0.6000000000000014
50       0.8462153499724875      1.0465328918831203      3.4827504100441823e-06     -42.92509117800311       0.6500000000000015
50       0.841861025039673      1.0431959668812034      3.887381144476372e-06     -43.68821339773973       0.7000000000000015
50       0.8383962651988507      1.0405522113335002      4.344145490424601e-06     -44.45857506269765       0.7500000000000016
50       0.835721282936611      1.0385195051777134      4.86229130240121e-06     -45.23595610394331       0.8000000000000016
50       0.8337517543829273      1.0370287998901573      5.449737108540092e-06     -46.02016231869943       0.8500000000000016
50       0.8324159701036438      1.036021637008921      6.116012044874327e-06     -46.81102192019633       0.9000000000000017
50       0.8316525370626913      1.0354481467549779      6.868768107838732e-06     -47.60838264959902       0.9500000000000017
50       0.8314085828688451      1.0352654967389507      7.706675476987356e-06     -48.412109350127025       1.0000000000000018
50       0.8316383376448907      1.0354366683761507      8.629770303126872e-06     -49.2220819218078       1.0500000000000016
50       0.8323019458151896      1.0359294400657686      9.620306679174885e-06     -50.03819359298158       1.1000000000000019
50       0.8333645638787975      1.036715615922063      1.065428453183032e-05     -50.860349454322055       1.1500000000000021
50       0.8347955497634157      1.0377703341602582      1.1689043725115972e-05     -51.68846521335511       1.200000000000002
50       0.8365678331850402      1.0390715323875135      1.2656498960789038e-05     -52.52246613469066       1.2500000000000018
50       0.8386573962716631      1.0405995058800528      1.3456939440396937e-05     -53.36228613709087       1.300000000000002
50       0.8410427872551017      1.0423364936863477      1.3961231301357115e-05     -54.207867023519086       1.3500000000000023
50       0.8437047478635731      1.0442663587687506      1.3991994646444232e-05     -55.05915782717054       1.4000000000000021
50       0.8466258937298583      1.046374316393082      1.3330719078459521e-05     -55.91611425562832       1.450000000000002
50       0.8497902662559256      1.0486465277052968      1.1698760308812008e-05     -56.77869822123296       1.5000000000000022
50       0.8531833374074628      1.0510701261553055      8.772859926789808e-06     -57.64687744865723       1.5500000000000025
50       0.8567915923780883      1.053632830441972      4.192803845339106e-06     -58.52062514934505       1.6000000000000023
50       0.8606023183407637      1.0563227475446073      -2.4270228907206205e-06     -59.39991975843464       1.6500000000000021
50       0.8646034536089238      1.0591282307942087      -1.1469006600032051e-05     -60.284744726527656       1.7000000000000024
50       0.8687833631988007      1.0620376574339674      -2.3263757274076075e-05     -61.175088365649714       1.7500000000000027
50       0.8731306453538068      1.0650392294816624      -3.801787048924939e-05     -62.07094374554255       1.8000000000000025
50       0.8776339330314546      1.0681207598509248      -5.567801848565274e-05     -62.97230863925586       1.8500000000000023
50       0.8822816855300305      1.0712694422618234      -7.585683924797235e-05     -63.87918551901907       1.9000000000000026
50       0.8870619812212366      1.0744716030324497      -9.770779101158099e-05     -64.79158160358826       1.9500000000000028
