50       0.000387788716100856      0.003921697953096593      0.24979226532933665     -31.816704991736085       -1.0
50       0.03439642559828115      0.0379560597196057      -0.2497875686232679     -30.93326696977513       -0.95
50       0.0005188106540360157      0.0005817080750457021      0.24999599088310692     -28.793700534028346       -0.8999999999999999
50       0.004999493819310192      0.004994789670735812      0.24999971335858945     -27.287929269199786       -0.8499999999999999
50       0.0011537562450209648      0.00026529589877355257      0.24995411210452803     -25.787182993485       -0.7999999999999998
50       7.750854815584586e-05      7.251813183626405e-05      0.24999979767849873     -24.29292171131913       -0.7499999999999998
50       0.0029262313437527624      0.0013348177424900324      -0.24975738623562346     -22.46324235206695       -0.6999999999999997
50       0.00046609918211723214      0.0008739293206490956      0.2499191711987177     -21.33560496550649       -0.6499999999999997
50       2.8482446996079202e-05      5.765973620514286e-06      0.1644975650050945     -20.103226386459728       -0.5999999999999996
50       0.8142928152741516      0.9676726936738508      0.00016749459222604565     -18.78601648806392       -0.5499999999999996
50       0.7786155923175934      0.9559925221606729      0.00013760171558692218     -19.37951661969091       -0.49999999999999956
50       0.7385513742806074      0.9434408440771671      0.00011211080964226582     -19.97718948572311       -0.4499999999999995
50       0.6961935955965102      0.9299727256971355      9.100091606874167e-05     -20.578348013008117       -0.39999999999999947
50       0.6532446406126572      0.9159493812583713      7.371296295541304e-05     -21.18253473373646       -0.3499999999999994
50       0.6112502229118968      0.9018649326372525      5.973018842324756e-05     -21.789391868926057       -0.2999999999999994
50       0.571446034020416      0.8882012665261725      4.855830605419424e-05     -22.398622625664945       -0.24999999999999933
50       0.5346618027990956      0.8753386210585843      3.9721058837479574e-05     -23.009974289066527       -0.1999999999999993
50       0.5013284798291604      0.8635210633920414      3.2777254662411514e-05     -23.62322925075536       -0.14999999999999925
50       0.47155523564859153      0.8528639592319222      2.7339140336675505e-05     -24.238199399058008       -0.0999999999999992
50       0.44522985460502024      0.8433831241044321      2.30816711276312e-05     -24.854722018478       -0.049999999999999156
50       0.42211030950719264      0.8350286007379536      1.9741913143770277e-05     -25.472656423388823       8.881784197001252e-16
50       0.40189388101064855      0.8277135703641995      1.711299526987171e-05     -26.091881024120674       0.05000000000000093
50       0.3842627882179278      0.8213353401400569      1.5034844421917515e-05     -26.712290722779926       0.10000000000000098
50       0.36891095594390244      0.8157887885350888      1.3384963107645448e-05     -27.333794607458195       0.15000000000000102
50       0.35555768238947427      0.8109740221903396      1.2070128476691525e-05     -27.95631393043488       0.20000000000000107
50       0.343953060371209      0.8068001322922469      1.1019520339948877e-05     -28.579780354077666       0.2500000000000011
50       0.33387862300112436      0.8031865482172919      1.0179311921390117e-05     -29.204134442649938       0.30000000000000115
50       0.32514549009154264      0.800063027695219      9.508496205331584e-06     -29.829324374280027       0.3500000000000012
50       0.31759139894059935      0.7973689478367005      8.975743126837428e-06     -30.455304846001315       0.40000000000000124
50       0.3110774040586184      0.7950522952506985      8.557036011227869e-06     -31.082036145492793       0.4500000000000013
50       0.30548465944112346      0.7930685798934224      8.233915789295943e-06     -31.709483365145065       0.5000000000000013
50       0.3007114786863793      0.791379790233696      7.992181742385546e-06     -32.337615736724786       0.5500000000000014
50       0.2966707457692196      0.7899534444600846      7.820917986786853e-06     -32.966406067721245       0.6000000000000014
50       0.29328768420664303      0.788761757088154      7.71177280576323e-06     -33.59583026317212       0.6500000000000015
50       0.2904979605649158      0.7877809215879965      7.658410004293703e-06     -34.225866919257506       0.7000000000000015
50       0.2882460850766396      0.786990500527406      7.65609084317967e-06     -34.85649697712371       0.7500000000000016
50       0.28648406888054734      0.7863729110188675      7.701402102656442e-06     -35.48770342729966       0.8000000000000016
50       0.28517029909123326      0.7859129924240855      7.792004236175395e-06     -36.11947105664561       0.8500000000000016
50       0.28426859682141997      0.7855976439168093      7.926454555050455e-06     -36.75178623113577       0.9000000000000017
50       0.28374742783305157      0.7854155207431247      8.104094690912864e-06     -37.38463670888275       0.9500000000000017
50       0.2835792401215483      0.7853567795212497      8.324940083076299e-06     -38.01801147874607       1.0000000000000018
50       0.2837399068266865      0.7854128643367773      8.589633860282528e-06     -38.651900620635075       1.0500000000000016
50       0.2842082565645677      0.7855763267387251      8.899373717001892e-06     -39.286295184259494       1.1000000000000019
50       0.28496567632907743      0.7858406738767174      9.255899326922964e-06     -39.92118708360704       1.1500000000000021
50       0.2859957747389004      0.7862002400193553      9.661467414410199e-06     -40.55656900485626       1.200000000000002
50       0.28728409552007095      0.7866500775065903      1.0118854960625586e-05     -41.1924343258109       1.2500000000000018
50       0.2888178729444155      0.787185863900896      1.0631345964081385e-05     -41.828777045228875       1.300000000000002
50       0.29058582232153274      0.7878038226315779      1.1202765814399227e-05     -42.46559172068167       1.3500000000000023
50       0.29257795991208174      0.7885006549349318      1.1837484761409894e-05     -43.102873413776976       1.4000000000000021
50       0.29478544754017966      0.7892734812415544      1.2540450663211171e-05     -43.740617641758824       1.450000000000002
50       0.297200458026121      0.7901197904977147      1.3317233615264711e-05     -44.37882033464592       1.5000000000000022
50       0.29981605818283946      0.7910373961501878      1.4174052154619097e-05     -45.017477797192086       1.5500000000000025
50       0.3026261066832947      0.7920243977483793      1.5117832527581307e-05     -45.65658667504955       1.6000000000000023
50       0.30562516452661714      0.7930791472842601      1.615626845541609e-05     -46.296143924605566       1.6500000000000021
50       0.30880841621264504      0.7942002195302926      1.729785901823545e-05     -46.93614678604635       1.7000000000000024
50       0.3121716000173155      0.7953863857643518      1.8552009967295833e-05     -47.57659275924912       1.7500000000000027
50       0.3157109460322912      0.7966365903639309      1.9929078058069406e-05     -48.217479582165666       1.8000000000000025
50       0.31942312082543567      0.7979499298262783      2.1440487822004682e-05     -48.858805211404686       1.8500000000000023
50       0.3233051777609011      0.7993256338603858      2.309880451148363e-05     -49.500567804756905       1.9000000000000026
50       0.32735451215277134      0.8007630482239253      2.4917836802963967e-05     -50.142765705443495       1.9500000000000028
